60864
60800
61184
61120
61120
60992
60544
60800
60608
60224
59968
59328
58624
58176
57344
56320
55424
54400
53120
52864
51712
51072
50560
50496
50880
51968
53440
53824
54784
56128
57024
57728
58240
58560
58688
58688
58624
58688
58688
58688
58624
58816
58816
59392
60032
60544
60928
60992
61568
61568
61760
61824
62080
62528
63104
63296
63552
64192
64576
65024
65472
192
0
320
384
1152
1728
2112
2176
2688
2880
3072
3328
3456
3712
3840
4096
4352
4352
4544
4544
4544
4544
4736
4736
4864
4928
4864
5312
5376
5440
5312
5312
5312
5120
5120
5056
4864
4416
4416
4288
3648
3136
2624
1856
1408
640
65344
64512
63296
62336
61312
60416
60288
59520
58816
58240
57536
56960
56704
56512
56384
56320
56448
56960
57280
57472
57792
57856
58112
58176
58176
58176
58176
58304
58368
58240
58432
58368
58432
58624
59072
59840
59648
60096
60480
60480
60736
60928
61120
61504
61248
61376
61568
61632
61760
61888
62080
62016
62336
62336
62464
62272
62144
62208
62272
62080
62144
62016
62016
61952
61824
61696
61568
61504
61248
61248
61248
61120
61184
61312
60928
61056
60672
60288
59904
59136
59072
58112
57408
56704
55936
55488
55104
54528
54080
53888
54080
54592
55360
56320
56448
57024
56832
56896
56896
56640
56384
56512
56384
56384
56704
57088
57344
57984
57984
58112
58624
58880
59200
59648
60096
60544
61056
61504
61760
62336
62720
63232
63552
64000
64512
64512
64768
65344
65472
256
640
512
1216
1344
1472
1792
2048
2304
2496
2560
2624
2944
3072
3264
3264
3264
3136
3136
3264
3520
3712
3584
3648
3648
3648
3968
4160
4480
4352
4928
4928
5184
5248
5568
5504
5568
5184
5120
4800
4544
4224
3712
2880
1728
576
65024
64384
63808
63296
62848
62656
62272
62336
62016
61568
60928
60032
59584
59072
58816
58688
58368
58240
58176
57920
58176
58048
58048
57792
57792
57664
57792
57728
57728
57856
58112
58240
58496
59008
58944
59136
59520
59712
59840
59968
60096
60160
60352
60480
60480
60544
60736
60672
60736
60672
61248
61568
61312
60736
59968
59264
58432
57984
57216
56576
56192
55872
56000
56192
56640
57216
57472
57920
58112
58560
58752
59072
59136
59264
59264
59328
59200
59264
59264
59392
59072
59008
58816
58752
58688
58624
58624
58752
59008
59328
59392
60160
60736
61248
61696
61888
62080
62080
62208
62400
62208
62336
62336
62272
62336
62144
62016
61568
61568
61440
61632
61888
61632
62016
62400
62784
63360
63744
64320
64448
64832
64832
65152
65408
64
448
256
512
896
1152
1472
1728
1984
2240
2176
2240
2368
2176
2496
2304
2752
2816
3072
3200
3776
3648
4032
4032
4160
4480
4416
4736
4928
4992
5056
5184
5056
4800
5120
5248
5184
5248
4992
4736
4224
4096
3584
2880
2240
1536
896
640
192
65280
64384
63424
62400
61824
61440
61568
61312
61376
61120
60736
60288
60160
59904
59584
58880
58176
57472
57088
56768
56128
55744
55552
55488
55488
55616
55808
56192
56576
57024
57344
57472
57984
58048
58176
58560
58816
59072
59136
59584
59648
59904
60224
60544
60736
61120
61184
61632
61376
61440
61312
60928
60928
60672
60480
60032
59648
59264
58752
58496
58240
58112
58048
57920
57920
58048
58176
58368
58688
59008
58752
58816
58816
58432
58432
58368
58240
58048
57792
57600
57280
57536
56896
56768
56640
56448
56320
56704
56576
56960
57344
57664
57792
57792
57728
58048
58560
59392
59968
60352
60864
60864
60480
60352
60224
59968
59584
59328
59264
59072
58816
59456
60160
60672
60928
61632
61696
62144
62592
63296
63808
63808
64384
64576
64832
64640
64448
64320
64448
64512
64512
64448
64192
64000
63808
63616
63616
63616
63616
63744
64256
64256
65088
128
576
960
1408
1792
2112
2048
2304
2752
2880
3072
3264
3136
3072
2944
2752
2496
2304
2176
2048
1984
1792
1536
1152
768
128
0
64832
64000
63616
63232
62912
62592
62144
61504
60736
60032
59392
59584
59328
59200
59008
58752
58432
58176
57600
57152
56832
56384
55744
55296
54912
54976
54592
54656
54656
54720
54848
54528
55104
55360
55424
55872
56128
56448
56640
57152
57600
58304
58496
59136
59520
60032
59904
60480
60736
60992
61312
61632
61120
61568
62400
62336
62464
62208
61632
61696
61184
60864
60224
59904
59328
58944
58816
59008
58944
59200
59136
59200
59200
59200
58944
58752
58432
58112
57600
57344
57152
56640
55936
55360
54976
54400
54016
53632
53056
53312
53248
53376
53760
54272
54720
55168
55616
56128
56704
57088
57280
57280
57344
57472
57280
57280
57280
57088
56896
56704
56704
56768
56064
56512
57024
57472
57984
58560
58880
59264
59840
60352
61120
61184
61568
62016
62528
63040
63424
64192
64320
64832
65216
65408
128
320
256
512
960
1152
1344
1472
1664
1728
1792
2048
2240
2240
2304
2432
2368
2560
2496
2624
2752
2624
2624
2496
2560
2496
2112
2368
2240
1856
1600
1280
1088
768
320
64
64960
64320
63488
63360
62208
61312
60288
59200
58112
57344
56896
56640
56768
57216
57728
58624
59392
59968
60352
60352
59840
59456
58944
58560
58368
58112
57920
57792
57344
57216
57088
56832
56704
56640
56448
56384
56448
56448
56640
56960
57152
57216
57536
57792
58176
58304
58368
58944
59328
59520
59904
60288
60416
60672
60800
61120
61184
61376
61312
61568
61184
61376
61504
61888
61632
61120
61056
60608
59968
59520
58880
59008
59456
59456
59584
59456
59776
59584
59328
59008
58624
57984
57600
57152
56960
56576
56256
56192
56128
56064
55680
55488
54912
54400
53952
53696
53632
53568
53568
53760
54144
54912
55616
56448
56640
57472
57856
58688
59008
59328
59264
59136
59392
59392
59520
59328
59392
59456
59328
59200
58944
59456
59776
60160
60672
60928
61312
61568
62016
62272
62656
62976
62720
63424
63808
64256
64768
65088
65408
64
384
256
640
896
1024
1280
1472
1600
1984
2112
2304
2496
2624
2944
3008
3072
3328
3456
3392
3328
3584
3648
3840
3904
4096
4032
3904
3904
4160
4160
4096
3968
3776
4032
3776
3072
2688
2176
1664
1344
768
256
64
64704
64000
63296
62720
62144
62080
62080
61952
62016
61888
61696
61760
61376
60672
60160
59520
58880
58432
57984
57536
57216
56960
56704
56576
56448
56256
56384
56448
56576
56512
56768
57088
56832
57536
57600
57920
58240
58496
58816
58880
58944
59264
59456
59456
59200
59008
58880
58368
58432
58368
58368
58496
58496
58880
58624
59840
59712
59776
59584
59840
59648
59776
59904
60096
60224
60352
60480
60672
60672
60992
60992
60928
60672
60352
60224
60032
59520
59136
58432
57856
57344
56640
55872
55104
54592
54144
53952
53824
53888
54464
54528
55168
55616
56000
56384
56384
56640
57088
57344
57536
57664
58048
58240
58496
58688
58752
58816
58816
59008
59072
58688
59264
59520
59776
59904
60352
60928
60928
61632
61952
62272
62784
63360
63488
64256
64640
65152
0
65408
192
192
512
768
1088
1664
1792
2176
2496
2688
2880
3136
3456
3392
3648
3648
3776
3968
3968
4224
4096
4224
4160
4160
4480
4480
4480
4736
4416
4544
4672
4480
4416
4160
4160
4096
3776
3328
2880
2240
1600
1728
1152
896
704
832
896
896
256
384
65408
64448
63168
62080
61632
60352
58624
57472
56576
56064
56000
56000
56064
56576
56896
57280
57472
57024
57280
57216
56768
56576
56512
56640
56896
57152
57280
57408
57600
58048
58368
58624
59136
59328
59520
59776
60096
60288
60480
60544
60672
60992
60928
60928
60928
60928
60800
61056
61184
60800
60288
59840
59392
59328
59200
59328
59264
59264
59328
59328
59392
59456
59584
59456
59584
59584
59328
59200
58752
58496
58560
58048
57664
57216
56768
56192
55680
55424
55104
54976
55168
55360
55488
56000
56064
56512
56832
57088
57408
57536
57856
57664
57984
58048
58112
58240
58368
58816
58432
58560
58368
58176
57600
57408
57600
57664
57920
58368
58944
59328
60096
60480
61120
61184
61696
62336
62976
63488
63872
64448
64448
64704
65088
65408
256
832
1088
1408
1600
1920
2112
2368
2368
2496
2624
2880
3136
3200
3200
3584
3456
3520
3584
3456
3520
3776
3584
4032
3776
3840
3520
3328
3200
2880
2496
2304
1792
1408
768
256
65024
64000
62784
62912
61632
60544
59584
58624
58176
57856
57920
58432
58624
59200
59584
59968
60416
60352
60416
60480
60288
59904
59520
59328
59136
58944
58432
57984
57536
57280
56704
56384
56064
55872
55488
55488
55552
55744
55936
56256
56512
56576
56960
57280
57600
57984
58240
58432
59072
59392
59776
60288
60736
60800
61056
61376
61568
61696
61696
61504
61568
62656
62208
62208
62080
61632
61376
61056
60928
60928
61120
60416
60480
60608
60480
60352
60160
60096
59456
59136
58752
58240
57792
57280
57152
56512
56128
56000
55744
55168
54656
54272
53760
53376
53120
53120
53056
53248
53376
53440
53632
53824
54336
54720
55360
55872
56128
56768
57280
57792
58368
58688
59072
59328
59456
59456
58944
58688
58752
58688
58688
59136
59456
59776
60352
60608
61312
62144
62336
63040
63232
63552
63744
63744
64128
64448
64640
65024
65472
128
704
704
768
1024
1280
1344
1280
1600
1792
1856
2240
2496
2752
2816
3520
3712
3968
4032
4096
4288
4160
4416
4480
4608
4736
4672
4544
4032
3904
4096
4480
4736
4416
4160
3584
3264
3008
2752
1984
1984
960
64
64640
63872
64064
64064
64000
64064
64000
63936
64192
64320
64448
64320
64064
63616
63168
62592
62208
61696
61440
60864
60480
60096
59712
59136
58944
58816
58176
58112
57856
57728
58048
58048
57856
58304
58240
58240
58432
58752
58944
58624
58816
58752
58880
58752
58880
59392
59264
59776
60160
60608
60928
60864
60736
61120
60800
60352
60288
61504
61632
61760
61568
60928
60160
59328
58752
58432
57920
57664
57280
56768
56128
55552
54848
54080
53632
53248
53120
52928
52800
52800
52864
52800
52800
52992
52928
53312
54016
54272
54528
54400
54912
55104
55488
55744
56320
57216
57280
57792
57792
57472
57408
57472
57344
57408
57664
57152
57216
56832
56384
55680
54592
53952
54336
54272
54656
55040
55680
56576
56960
57728
58560
59328
59904
60672
61440
62208
62912
62784
63296
63680
63936
64128
64320
64448
64512
64768
65152
65472
128
320
960
832
1408
1664
1856
1728
1856
2432
2880
3200
3456
3840
3712
4032
4160
4224
4352
4416
4800
4928
5056
5056
5184
5184
5184
5248
5248
5312
5440
5504
5248
4992
4480
3840
3648
3392
3776
4224
4416
4480
4096
3712
3264
2560
1728
640
128
65216
63552
62784
61504
60992
60544
60096
59328
58816
58432
58176
57984
57920
57920
57856
57664
57728
57792
57536
57792
57600
57856
57920
57984
58112
58304
58176
58176
58496
58688
58944
59008
59136
59264
59456
59520
59584
59584
59072
59328
58880
58944
59200
58816
58048
57408
57152
57024
56448
56064
55616
55424
55744
55872
56640
57408
58048
58240
58112
57792
57408
56832
56384
55872
55296
54784
54400
53824
53056
52480
52096
52160
52224
52736
53248
54144
55104
56128
56896
57344
57536
57792
58048
57984
57984
57856
58048
57920
58368
59200
59392
59136
58624
58048
57920
57792
57472
57216
57152
57216
57344
57792
57856
58496
58560
58816
59072
59456
59648
59904
60416
60928
61184
61440
61952
62080
62336
62464
62976
63360
63616
63936
64128
64320
64896
65152
65344
320
448
576
1152
1536
2048
2240
3008
3136
3520
3648
3840
3904
3968
4032
4224
4608
5120
5440
5696
5888
6592
6912
7296
7680
8256
8384
8576
8704
8704
8384
7808
7104
6912
6784
6912
7232
6976
6720
6208
5760
5248
4800
4224
3776
2816
1728
640
65088
64256
63616
62784
62016
61440
61248
60992
60928
60736
60608
60416
60352
60096
59904
59648
59456
59520
59328
59328
59328
59456
59712
59392
59776
59840
60032
59968
59584
59712
59776
60096
60096
60352
60288
60160
60160
60480
60224
60288
60544
60736
60800
61056
60992
61120
60992
60992
60992
61696
61440
60928
60544
60352
60224
59968
59328
59136
58688
58240
57984
57600
57344
56960
56640
56128
55744
54976
54080
53056
52160
51200
50112
49024
48192
47744
47232
46720
46784
46784
46848
47232
47744
48832
50176
51840
53312
54592
55040
55936
56320
56576
56704
56576
56576
56384
56064
56192
56512
56576
57088
57728
58368
58880
59264
59776
60480
61184
61504
62272
62976
63168
63872
64256
64832
65024
65216
65408
0
0
128
192
512
640
1216
1024
1408
1664
1984
2112
2432
2432
2688
3264
3584
3840
4160
4288
4480
4800
4736
5312
5568
5952
6272
6592
6720
6912
7360
7552
7680
7040
7552
7424
7488
7232
7232
7360