61120
61312
61568
61824
61888
62208
62336
62464
63040
63040
63168
63360
63296
63488
63808
63936
64064
64192
64320
64640
64832
64960
65216
65280
256
384
320
960
1152
1280
2176
2240
2496
2496
3136
3264
3648
3328
3776
4288
4480
4992
5440
5632
6080
6016
6464
7104
7360
7872
8192
8384
8768
9280
9408
9344
9152
9152
8704
8384
8192
8064
8064
7744
7680
7680
7872
7552
7808
7808
7808
8064
8064
7936
7872
8064
8128
8064
8064
7936
7680
7488
6656
6784
6272
5824
5120
4800
4224
4032
3136
2880
1920
1920
64
64832
64000
62528
61440
60288
59136
58496
56384
55488
54976
52928
52096
51712
51264
50944
51008
51392
51648
53184
53888
54400
55296
55744
55680
55680
55424
55424
55296
55808
55872
56192
56704
56448
56192
56256
55936
56320
56576
56320
57280
57280
57472
57344
57728
57920
58368
58432
58560
58688
58816
59136
59200
58880
58944
59584
59456
60224
60224
60160
60160
60224
60288
60096
59712
59520
59584
59776
59392
58688
58624
57856
57856
57920
57664
58176
57472
57408
57536
57344
57280
57152
57088
56896
57088
57152
57600
57408
57344
57408
57152
57536
57728
57664
57664
57536
57536
57536
56960
56832
56768
56832
56640
56576
57024
56064
56256
55808
55296
55424
55296
55232
54592
55168
55296
55744
56384
56576
56896
57088
58304
58496
58816
59136
59456
59392
59776
59712
59776
60352
60032
59968
60032
59648
59328
59072
59072
58432
59008
59136
59328
59776
59968
60096
60288
59776
59712
59392
59200
59968
60160
60352
60672
60928
61184
61184
61440
61824
62144
62016
62656
62720
63104
63168
63424
63232
63744
63936
64064
64384
64192
64640
64704
64704
65280
65472
320
704
640
576
1088
1024
1344
1600
1792
2368
2368
2752
2816
2752
3520
3968
4288
4480
4800
4096
5696
5952
6080
6592
6976
6912
6784
7296
7232
7424
7424
7232
7488
7232
7232
7296
7296
7296
7552
7616
7552
7744
8064
7808
8064
8128
8128
8384
8256
8064
8000
8256
8320
8384
8320
8192
8064
8064
7872
7552
7232
7360
6976
6720
6464
5952
5888
5248
5184
4864
4672
4096
3520
3328
2816
1344
640
65408
63680
62656
61696
60224
59392
58624
58304
57088
56576
56064
56192
56384
56448
56704
57344
57536
57728
57856
58176
58176
58176
57984
58048
57984
58496
57920
58112
57920
58240
57728
57792
57536
57088
57408
57408
57280
57472
57536
57408
58048
57984
58176
58496
58624
58880
59392
59456
59712
59968
60608
60608
60928
60992
60992
61568
61568
61632
62080
61952
61952
62336
62016
62144
62144
62080
62336
62080
61696
61312
60864
59968
59520
59200
59328
58048
57600
57152
57024
57024
56896
56704
56768
56704
56576
56384
56960
56704
56704
57088
56832
56768
56576
56384
56832
56768
57216
56768
56704
56576
56576
56512
56512
56768
55744
55424
55168
54848
54528
54400
54464
54400
54848
55360
55552
56576
57024
56896
58048
58240
58432
59072
59392
59776
59712
60928
60864
60928
61440
61760
61888
62080
63168
62656
62656
62976
63232
63360
63360
64320
64384
64576
65472
64832
64960
64960
64896
64448
64256
63872
63296
64000
64512
64896
64896
64896
64768
64576
65152
65472
64576
64
64
128
768
512
768
960
896
960
1088
1280
1344
1344
1536
1984
1664
1792
1984
1792
2368
2560
2688
2880
3200
3264
3392
3840
3968
4096
4160
4672
5120
5312
5312
5504
6016
6272
6848
7616
7680
8064
8576
8320
8320
8448
8256
8128
8192
8128
8192
8256
8320
8064
8320
8128
8192
8448
7744
7808
7936
8000
7808
7936
7872
7872
7936
8128
8128
8064
8128
8000
7552
7872
7168
6784
6528
6656
5568
5568
5440
4800
4672
4480
4096
4096
3072
2688
1984
1600
65408
64960
64128
63424
61568
60800
60160
59456
58240
57728
57472
56320
56192
56000
56128
56192
56320
56960
57152
57408
57472
57536
57280
57856
57344
57024
57024
56512
56000
55744
55424
54976
54720
54720
54592
54528
54592
54336
54336
55104
55232
55360
55744
56000
56256
56704
56768
57088
56896
57792
57728
57856
57792
58496
58688
58944
59520
59712
59968
59840
60288
60480
60672
60864
60672
60800
60864
60736
60480
60352
59392
59456
59072
58752
58496
58112
57728
57344
57344
57088
57536
57088
57024
56832
56704
57152
57088
57088
57216
57152
57152
57280
57408
57280
57344
57472
57408
57472
57600
57600
57664
57664
58048
57792
57920
58176
58624
57984
58240
58176
58112
58368
58752
59392
59456
59648
59712
60416
60608
60864
61888
61632
62080
62208
62592
62720
62784
63872
63680
63744
63680
63360
63808
63616
63552
63616
63488
63552
63488
63744
63808
63872
63872
63872
63680
63488
62848
62464
62208
62464
62272
62272
62272
62720
62528
62400
62400
63104
63360
63680
64192
64256
64448
64512
64512
64832
64896
64384
65024
65152
65024
64
0
64
576
576
640
576
768
1024
1152
1408
1344
1920
1984
2176
2560
2624
2944
2560
3584
3584
3776
3648
4352
4608
4800
5120
5120
5504
5760
5824
6400
6528
6720
6592
7040
7168
7168
7168
7168
7168
7616
7360
7360
7360
7232
7040
6976
7104
7104
6720
6720
6528
6208
6592
6656
6400
6976
6912
6848
7104
6400
6400
6208
5952
6080
4992
4672
3648
3776
3456
2944
2368
1920
1664
1152
1088
576
192
0
64512
64256
63808
63168
62272
61760
61312
60800
59840
59264
58816
58304
57792
57536
57344
56960
56768
56640
56256
56448
56320
56064
56768
56832
57024
57088
57024
56896
56896
57024
57024
56704
56512
56832
56704
57152
56832
56896
56896
56896
57280
57344
57408
57920
57856
57984
57856
58240
58368
58368
58560
58688
58816
58752
58944
58880
59264
58880
59136
59136
59776
59072
59456
59456
59648
60032
60096
60352
59968
60224
60352
60352
60480
60224
60224
60224
59840
59712
59712
59264
59136
59072
59008
58624
58624
58624
58752
58624
58432
58816
58752
58816
58496
58304
57984
58176
57344
56896
56832
56128
56832
56768
57280
55680
55936
55680
55360
55232
54592
54272
54592
54144
54336
54848
55104
55296
55296
55808
56000
56064
56128
56384
56512
56960
56704
56832
57472
57408
57344
57344
57728
58176
58304
58176
59072
59392
59456
59968
60352
60672
60736
61568
61568
61888
61440
62592
62592
63040
63424
63552
63424
64000
64128
64320
64256
64320
64448
64832
64832
64960
64960
192
65344
65472
384
640
384
576
576
768
1152
1280
1152
1152
1472
1472
1344
1600
1408
768
1728
2048
2496
1920
2048
2112
2496
2560
2816
3072
2944
3328
3712
4032
4288
4672
4992
5248
5824
6016
6464
6976
7232
8128
8704
9152
9664
10368
10496
10560
10624
10432
10496
10560
9920
9920
9728
9920
9472
9152
9024
8704
9024
9088
9024
9152
9344
9216
9408
9920
9920
10240
10048
10496
10496
10560
10496
10496
10240
9856
9600
8320
7808
7424
7232
6464
6272
6080
5248
4544
4224
4160
2752
2368
2176
1088
0
65088
64320
64000
62336
61632
61504
60160
59776
59392
59008
58688
58432
58752
58368
58752
58816
58880
59136
59520
59648
59904
59520
59392
58688
59200
59136
58880
59264
58944
58880
58496
58432
58176
57984
57600
57344
57216
57408
57152
57216
57344
57216
58048
57792
58048
58432
58496
58880
59200
59840
59712
59776
59648
59648
59648
59392
59264
59264
59072
59072
58752
58560
58624
58048
58176
57984
57920
57792
57792
57728
57344
57856
57856
58048
58048
57984
58368
58304
58368
58368
58560
59200
58624
58560
58752
58304
58176
58240
57216
57344
56896
56064
56192
56128
55808
55616
55360
55168
54528
54784
54656
54528
54400
54400
54656
54720
54592
55296
55488
55552
57088
57216
57600
58048
58752
58944
59008
59392
59392
59520
59136
59776
59840
60544
60544
60672
60800
60544
61376
61376
61120
61248
61568
61632
61440
62016
62272
62656
62848
63168
63424
63616
63680
63488
63296
63168
62784
62400
62144
62592
61632
61760
62144
62208
62272
62592
63104
63616
63808
64192
64320
65024
65088
65280
0
192
320
896
576
960
1152
832
1728
1792
1984
2048
2816
2560
2880
3520
2944
3328
2944
4224
4480
4864
4800
5632
5632
6080
6848
6720
6912
7168
6656
7488
7616
7872
8064
8320
8128
8320
8128
8064
8192
8512
8448
8448
8320
8320
8256
8512
8512
8384
8640
8640
8448
8640
8448
8512
8640
8512
8512
8640
8512
8576
8576
8384
8320
8256
7872
7488
7168
6144
5440
4736
4288
3712
2944
2496
2368
1088
1088
896
576
256
65152
64704
63744
63488
62464
62208
61056
60224
59776
58880
57728
57280
56832
56064
55936
55552
55616
55744
56192
56448
57280
57536
57984
57984
58496
58496
58176
58112
58304
58496
58752
58688
59392
59008
58432
59328
59456
59776
60160
60160
60352
61120
60800
60928
60928
61376
61504
61568
61312
61824
62208
62464
62784
62720
63040
63168
62272
63168
63104
63168
62528
62464
62400
62272
61440
61376
60800
60416
60032
59840
58944
59072
58816
59072
58240
58112
57920
58112
57600
57472
57472
56960
57664
57280
57024
56832
56512
56512
56384
55936
55680
55488
55360
55168
55104
54976
54912
55040
54528
54656
54528
54720
54656
54784
54592
54912
54656
54784
54464
54592
54528
54656
54912
55040
54976
55360
56064
55744
56064
56384
56576
57280
57536
56960
58368
58432
58624
59008
59136
59136
59456
59456
59584
59712
59776
60096
60352
60480
60864
60928
60928
61632
61696
61760
62144
62208
62208
62272
62464
61952
62144
62080
61760
62080
62272
63168
63424
63552
63936
64512
64832
65024
64512
65472
64
576
640
768
896
1216
1280
1344
1472
1536
1984
2176
2368
2048
3136
2944
3136
3648
3648
3776
4032
3776
4224
4736
4992
4928
5184
5376
5568
5888
5696
6016
5952
6272
6592
6592
6912
6400
6912
7040
6912
7424
7552
7744
8128
7872
7872
7808
7872
7616
7360
7104
6784
6976
6976
6848
6848
6720
6720
6784
6912
6464
6464
6464
6272
6336
6400
6080
6144
6144
6016
5952
5504
5120
4736
3968
2432
1600
512
65472
64448
64064
63040
62336
61824
61248
60864
60544
60544
60288
60544
59840
60032
59968
59584
59648
59200
59136
59072
59072
58688
58560
58496
58368
58880
58624
58624
58624
58368
58944
59008
59264
59264
59456
59648
60096
59840
59904
59712
59904
60032
60032
60608
60160
60288
60352
60800
60544
60800
61056
61184
61376
61248
61312
61824
61952
62528
62720
62592
62784
63232
63296
63296
63360
63616
63936
63936
64256
63744
64000
64000
64128
63360
62912
62720
62144
61696
60992
60480
59968
59072
58688
58048
57920
57536
57792
57344
57152
57024
57088
56896
56768
56704
56704
56896
57344
56896
57152
57216
57088
57344
57280
57280
57088
57088
57152
56896
56768
56256
56192
56128
55808
55616
55360
55360
55040
54848
54848
54528
54528
54720
54656
54976
55168
55296
55552
56000
56064
56320
56384
56896
57024
56448
57664
57600
57792
58240
57856
57920
58112
58048
58432
58688
59328
60032
60544
60672
61568
61952
62272
62208
62976
62912
62976
62592
62528
62528
63168
62784
62848
62912
63104
63104
63040
63552
63488
63232
63424
62464
63360
63488
63808
63232
63808
63936
64128
64192
64000
64320
64320
65152
0
384
256
1024
1408
1728
2240
2304
2688
3008
3200
3840
4096
4672
4864
5376
5696
6016
6464
6464
6784
7360
7680
7680
7808
7616
7616
7936
8128
7680
7872
7808
8000
7424
7424
7360
7232
7488
7552
7616
7616
7744
7808
7744
8000
8192
8000
7808
8256
8256
8576
8704
9280
9088
9024
9152
9152
9152
9216
9152
9216
8960
9024
9344
8704
8320
8064
8128
7232
6720
6208
5696
4288
3328
2240
832
65472
64768
64192
62336
61952
61376
61120
59584
59136
58816
58304
57536
57344
57152
57472
57408
57664
58240
58432
58752
58688
59136
59072
59840
59264
59072
59136
58880
59008
58624
58496
59072
58816
58688
58688
59328
59072
59200
59456
59584
59520
59584
59456
59904
59840
59904
59904
60032
60288
60352
60288
60352
60352
59968
60032
59968
59968
59520
59520
59264
58880
58880
58624
58496
57728
58048
57856
57216
57536
57536
57408
57536
57344
57408
57728
57792
57600
57728
58048
58304
58176
58176
58368
58624
58560
58560
58752
58880
59072
58688
58944
59008
58624
58304
58432
58432
58176
57856
57536
57344
57728
57088
56832
56832
56704
56064
55872
55488
55488
55424
55232
55424
55488
55872
56320
58368
58752
59776
59648
59968
60096
60224
60480
60416
60608
59968
60416
60352
60032
59904
59776
59712
59968
59456
59392
59392
59520
59776
59968
59968
60992
61184
61504
61248
61440
61120
60352
60288
59904
60096
59840
60032
60096
60096
60480
60864
61632
61376
61440
61760
62016
61952
62144
62464
62400
62528
62336