15424
16704
17088
16256
18688
15936
15936
16512
16384
17280
18112
16576
17664
17408
18496
17920
17408
11648
14336
14080
14784
16320
19968
22208
25088
25920
24192
22976
21696
20288
19264
18688
17536
16640
15872
15360
15488
16064
15936
14976
14336
13120
12800
12416
12352
12864
12608
13568
12928
14208
14528
17280
18496
16512
15040
8128
7616
13120
8128
62208
11200
3648
53184
55360
10048
16064
25088
23872
17024
17600
18048
17344
16704
17216
15744
15744
15296
15360
16448
16384
16832
17088
16896
15744
20928
22592
25984
27200
32640
32896
57408
3072
13312
25344
27392
25536
24448
21760
21056
20928
20672
22080
23872
18816
15488
15552
15936
13696
12160
10816
10624
9920
9792
11072
11776
11968
14656
16128
18240
19456
24320
21952
17216
23488
16192
6528
9664
8192
65024
6976
61376
50240
57600
56768
61952
29312
19136
19584
18240
17856
19264
18112
19072
17472
15744
14144
15808
15232
15552
16512
17472
17984
20288
21184
27456
32576
5440
21632
37440
54464
4608
13568
21760
23168
25792
25728
25920
26624
26176
25408
25664
23168
18560
18048
15680
12864
9600
6400
6336
6080
3968
4544
5440
7936
10240
16064
17728
18048
19008
16768
21632
20288
18496
13504
9536
1728
576
3968
57728
53824
56576
30720
24128
26688
15744
16000
17664
18112
18624
18432
19648
16896
15040
14336
14912
13888
15872
16448
16000
16192
16640
17216
18944
19456
20992
23424
5440
20352
37888
3136
8960
23680
28032
30400
29440
26880
27520
29632
30080
26816
24128
18112
17344
15296
12288
6912
5824
5696
6528
8768
10240
12480
11584
16064
16768
18688
22464
29440
23552
18688
21440
22720
17280
16896
2432
58176
56768
47744
32640
32640
32640
18432
20672
16128
19904
19136
18048
18048
16320
15424
15424
14144
14784
15936
16128
16064
17088
18432
19520
22080
19072
19328
7808
36928
58688
192
13248
21824
29056
29760
31744
30464
29056
28288
30016
28352
21312
18496
16704
15872
11584
8896
4352
3584
4736
5504
6016
8064
9664
15040
16896
20160
21568
24896
27072
28672
22976
16768
17792
20352
20352
60160
55040
57472
57024
34560
6016
32640
25344
16768
13440
19264
19840
17856
18688
16512
14656
15424
15744
18496
15872
16320
16064
16768
18176
19200
20224
20288
24832
14528
6528
32896
64128
5056
19456
28096
32640
32640
28800
27840
27968
26944
26048
19648
18496
21120
20544
12736
10048
8384
8832
8768
9344
12608
13952
19200
20864
20672
20608
20672
22400
27712
26304
20928
20032
11904
9664
4096
3968
59008
52224
46784
45760
32640
16192
22144
17088
16064
17792
21568
17280
17536
18048
16896
9408
15104
15936
16128
16448
16896
17536
19072
20544
21312
23360
13440
32640
35136
60096
3520
12224
26112
27840
28096
28480
29312
29248
27328
27008
25984
24064
22400
20992
16896
12096
10880
11968
12736
14144
15232
14592
13632
15424
16832
18816
20224
24000
26496
29120
24064
11392
7680
16192
14976
63552
50368
46016
51072
58944
25984
14848
19200
17472
20032
20096
19264
18112
18048
16576
14464
14976
15680
15936
16512
16384
16832
17536
19008
18944
27584
24256
19072
31808
32896
49152
5888
20352
27456
30144
29184
28096
29248
27776
27968
28416
27136
23104
22080
18880
16256
11776
11328
11008
9088
7488
8128
10304
10176
11264
12480
15232
14656
14400
15360
18496
14016
9664
8896
5312
8704
9216
7104
59904
44224
46080
11904
32640
20736
13120
16192
16960
18560
20992
18880
17216
15104
16832
16448
16448
16384
16512
16256
16896
17920
19584
21376
20160
16256
27008
62848
50688
8832
14528
20608
26304
25408
24128
24832
25472
25472
24512
20928
19200
18304
19136
14464
12544
9152
8256
9664
11456
13632
13440
14720
16064
17856
17856
20096
20800
16128
24192
32192
23040
8448
6976
65280
52160
49856
51008
32640
32640
22848
26176
17088
15680
18432
17600
19520
16448
17088
15232
15872
16064
16192
16320
16256
16320
16384
17600
19200
18624
22080
22912
22720
1728
52416
3136
11648
18624
29888
30656
24512
26432
28416
28672
27392
27200
22784
21376
21440
20480
16192
11392
9280
8448
8704
8704
10688
12800
13568
15872
17408
16064
16768
18624
19200
17472
19392
15872
13952
11392
6080
64128
54080
43776
45184
832
32512
18368
18432
17024
22272
19136
18368
17024
16832
16320
19200
16128
15808
16384
17280
18048
19456
23424
20992
16128
5376
32896
40576
1152
7872
21568
25344
27328
27008
25920
24448
24896
25152
23936
22784
16192
14976
15296
16320
14464
11456
9280
11776
11008
9024
9664
10816
11712
13632
14080
16256
16064
14528
15488
20032
19648
16064
13568
10944
14464
9408
5952
896
62656
60864
58048
52160
56960
2240
32640
20352
18240
14464
17920
19584
19584
16704
18432
15296
15936
15744
15296
16704
15744
16000
15552
16256
16256
16640
17024
17536
18560
18944
20352
25024
27136
11648
45184
7424
11328
27136
29248
26624
25408
25152
25216
25408
25152
20544
17792
16384
16704
13888
12480
11072
10752
11392
12160
15296
16320
15936
16832
18432
18112
18304
25024
27072
23296
19712
7872
8256
16896
9600
640
64448
51328
50176
50240
32896
32640
32512
15744
18688
17856
18944
20544
20864
17216
17664
10368
12032
15872
16256
15936
16192
16384
17664
18176
19264
19648
20224
26752
19712
53120
47104
2688
9792
24320
29696
29120
26688
27968
30080
29184
29312
24000
19136
17792
19840
18112
14784
10624
9600
10112
10560
8960
9344
9664
13952
15680
16256
16576
19968
20864
20480
19264
15296
12288
8512
5248
2816
61312
45888
47424
53824
7616
19648
22976
17088
15552
19648
20160
18048
16832
16768
15168
15488
16128
15744
16256
16192
17024
17600
18432
20224
19392
19712
13504
28160
36096
62208
13568
22144
32384
30656
28992
26368
30208
29952
27072
23296
21952
20288
19072
14208
12352
9216
8512
8768
9088
10496
12288
17088
19136
23360
25536
27776
26688
26624
28096
23552
17216
16640
11520
3456
64256
63168
50240
50240
32640
14848
32640
22080
17152
18368
20032
20352
18176
17088
15744
15360
15424
15744
15808
16320
16064
16000
16000
17280
17728
19456
19200
17984
15936
14784
57280
60288
9152
9088
18304
25856
21888
21888
26240
27328
25152
23936
21312
18944
18560
19200
16192
13312
9152
8512
6656
5952
10816
13376
17600
18752
21888
22656
18880
20480
20160
16960
19712
12096
9216
8768
1216
52288
50304
52224
32896
61696
32640
27136
17728
14912
14720
19008
19136
17856
17088
16896
17088
15808
15552
15488
15872
16192
16896
17472
18368
18816
21632
27904
17856
27776
37824
59776
5312
8704
22848
27520
23616
22400
26432
26368
24896
25152
23104
20032
18880
18752
16832
11648
8320
7296
7552
10112
12416
16256
18880
21952
22528
21888
21952
18112
24448
19456
14272
8000
6400
5248
5184
54208
46080
52672
32832
32640
23488
15296
16576
19008
20096
19072
17152
15680
15616
16000
14848
15808
16000
16000
16384
16704
18112
18624
20160
24320
27392
20608
65472
46016
63168
8384
15680
29568
30400
26816
24448
25152
25408
25856
26496
22656
20608
19264
19008
15360
8768
7168
7872
8640
9536
11072
14656
15936
12992
12544
16320
18240
22272
27200
32320
30464
11264
3200
1344
768
58240
49216
40256
32960
12608
24064
27392
18432
16000
17856
18112
18112
17280
17600
18240
16768
16896
14208
15744
15616
15936
15936
16192
16512
16832
18304
19264
19968
22272
13760
10048
46208
512
12928
22144
22656
24064
23808
25664
24512
25664
25792
21696
18816
15040
15488
15936
14912
9728
8384
8000
8576
10176
10496
11776
14720
15872
17280
16576
15808
14720
9728
15296
26176
21952
4544
63616
58944
57984
58944
34304
55040
32640
19712
19392
15232
16000
18560
19328
16640
17152
19008
12160
15040
16064
15872
16256
16320
16512
16768
17792
19840
21312
20160
16960
3200
4672
37632
6016
11968
16448
21376
26112
25728
24128
23296
21760
23168
24000
22848
20352
16896
16000
11904
11648
9984
9216
9792
12160
13440
13632
14080
16960
20096
23040
22272
19456
18432
13120
14336
14528
14208
9728
1216
56832
54016
51520
51520
10688
32640
19776
9792
19264
19456
24960
16256
17664
18176
17344
16000
15168
16256
16064
16256
16256
17216
17472
18624
19968
26496
22592
32640
5824
51072
56064
62848
7360
20032
22016
25280
24768
25728
29184
29312
27008
23616
18176
18368
19840
18816
16064
13760
11328
11264
11136
11840
12864
13056
14336
15616
16640
15936
17920
20864
19200
16832
12928
8384
10496
17792
12864
63808
57600
55168
55680
32640
55616
28608
14336
16576
19648
17920
20160
19520
18112
17088
16704
14016
15872
15872
16064
16256
16128
16768
18432
19136
20608
20800
32640
9024
32896
39744
576
5952
12032
17280
24320
25152
25856
25152
26368
27072
25088
22976
17856
20352
21760
17600
14976
12224
11136
10112
10560
10944
11776
13632
14464
15424
14400
14272
15872
17856
17024
20480
18944
16704
7296
7296
6848
3776
61824
54848
48384
11200
32640
32640
19904
23360
18240
20928
20032
18240
16960
19072
16000
14464
15936
15808
15808
15808
16384
16256
16128
20096
19200
22528
21376
5312
7296
48448
60608
11136
21504
32064
31296
28608
26688
28864
27392
26176
22400
21312
21568
20992
14656
12480
9472
8896
8704
8960
11776
14976
18112
18368
19200
18304
17920
20480
23424
22208
10752
9088
11584
10240
8128
65216
55936
64640
32896
32640
30016
9856
16960
17792
20928
18944
18368
18176
17664
15680
16896
15872
15616
15744
15936
15936
16448
17216
17600
17984
19456
23296
16640
25472
41600
58240
10368
13952
24192
24576