57728
57984
57728
57600
57536
57600
57920
57856
58112
58176
58368
58688
58688
58880
59072
59136
59584
59520
59520
59584
59584
59712
59840
59968
59776
60032
60160
60544
60352
60544
59968
59840
59904
60096
60288
60288
60096
60160
60224
60288
60160
60416
60352
60160
60096
59968
59968
59904
59840
59904
59776
59456
58880
59072
58752
58624
58240
57856
57856
57472
57472
57216
56640
57024
56832
56640
56640
56768
56640
56576
56768
56448
56512
56384
55872
55552
55168
54720
54592
54336
54336
54528
55104
55296
56256
57216
57472
58560
58880
59648
60096
60480
60864
60992
61248
61376
61312
61632
61888
61504
61184
60928
61056
60608
60736
60544
60480
60544
61056
61568
61760
62336
62720
63296
64256
64256
65344
0
960
1600
2048
2688
3264
3584
4096
4224
4800
5248
5440
5632
5632
6208
6528
6848
7104
7168
7744
8192
8192
8576
9088
9024
9216
9216
9472
9472
9280
9856
9856
9920
9792
10112
9792
9600
9600
9728
9856
9856
9984
9856
9664
9536
9280
8704
8448
8128
7808
7104
6080
5952
4608
4160
2880
1920
1472
384
64576
64640
63744
62976
62528
62144
61696
61312
60928
60544
59968
59520
58688
57984
57920
57408
57152
57024
57280
57408
57664
58240
58176
58368
58432
58304
58432
58112
58048
57792
57600
57472
57216
57280
57344
57472
57408
57664
57600
57984
58176
58368
58624
58816
59072
59264
59392
59456
59584
59712
59520
59776
60096
60544
60544
60672
60608
60928
61184
61056
60864
61120
60864
60608
60672
60800
60800
60608
60480
60224
59840
59392
59264
58816
58560
58176
57984
57344
57088
56768
56896
56832
56896
56768
56576
56576
56512
56512
56256
56000
56000
55680
55552
55552
55104
54848
54784
54848
54592
54400
54272
54336
54592
54464
54272
53888
53824
53376
53440
52416
52288
52480
52992
53440
54592
55808
56448
57280
57984
58112
58240
58240
58176
58368
58112
57984
57984
57856
57984
57856
58112
58240
58368
59008
59328
60032
60288
60736
62016
61888
61568
61824
62016
62528
62848
63104
63360
63744
64384
64704
65408
0
704
1216
1344
1728
2048
2304
2560
2688
2880
3072
3136
3392
3648
3904
4096
4224
4288
4288
4480
4864
4864
5120
5312
5696
5888
5888
6080
6208
6208
6272
6400
6144
6464
6464
6336
6144
5952
5504
4736
4416
3456
2880
2112
1280
704
65408
64896
63872
62976
62656
61696
61184
60608
59584
59136
58496
57664
57344
56768
56128
55680
55104
54848
54080
53952
53632
53440
53312
53312
53376
53568
53696
53952
54144
54464
54528
54976
55360
55296
55552
55744
56000
56448
56768
57024
57280
57472
57856
57984
58496
58240
58880
59008
59136
59328
59648
59712
59840
60032
59968
59968
59968
60096
59584
59904
60160
59968
60032
59904
59776
59392
58944
59008
58560
58560
58240
58176
58112
58304
58432
58560
58816
58944
59008
59072
59136
59072
59200
59136
58816
58624
58304
57472
57792
57472
57472
57408
57152
57280
57344
57152
56960
56512
56768
56192
55872
55488
55360
55168
55424
55616
56192
57024
57408
58304
59456
59776
60736
61184
61440
61952
61696
62272
62464
62592
62592
62656
62720
62784
62784
62912
62976
62656
62784
62848
62848
62976
62976
63168
63360
63488
63040
63552
63808
63872
64000
64320
64384
64960
64
192
576
832
1600
2176
2496
3200
3456
4032
4544
4736
5184
5504
5760
6144
6336
6656
7168
6976
7040
6912
7040
6784
6784
6720
6528
6592
6784
6464
6336
6464
6464
6528
6592
6592
6848
6976
7104
7168
7424
7360
7424
7424
6656
6400
5760
5376
4480
4288
3456
2688
2304
1408
1088
128
64448
64192
62976
62592
61248
59968
59008
57472
56704
55424
54080
53632
53184
53120
52928
53248
53568
54400
55360
55680
56448
56576
57152
57472
57344
57408
57536
57344
57216
57408
57536
57536
57792
58112
58496
58624
58688
59008
59648
59456
59712
60096
60352
60352
60480
60544
60928
60992
61184
61312
61248
61504
61568
61504
61184
61248
61056
61120
60416
60288
60096
59584
59776
59520
59520
59712
59392
59392
59328
59264
59136
59328
59392
59200
59200
59328
59712
59776
59776
59712
59648
59392
58880
58496
58048
57024
57216
56576
56064
55616
55104
54592
54080
53888
53568
53504
53952
54272
55168
55616
56512
56832
57664
58240
58560
58880
59200
59584
60160
60096
60544
60416
60736
60864
60928
60800
60608
60544
60352
60416
59904
59776
59840
59456
59392
59136
59456
59648
60224
60928
61184
61952
63360
63680
63296
63872
64320
64192
64960
0
0
640
1216
1472
2176
2688
3200
3648
4032
4608
5184
5504
5952
6144
6720
6976
7296
7936
8064
8192
8128
8192
8128
8128
7808
7552
7552
7040
6784
6656
6400
6144
6400
6656
6208
6592
6400
6720
6912
6720
6784
6720
6592
6336
6272
6208
5824
5760
5248
4608
4096
3520
2752
1664
384
192
64640
64384
63680
62848
62528
62080
61888
60928
59840
59328
57984
57536
56384
55296
54848
54208
54272
53760
53696
53952
54208
54720
54720
54976
55552
55040
55488
55616
55616
55680
55680
55936
56256
56448
56832
56960
57216
57344
57856
58112
58368
58880
58880
59456
59584
60032
60224
60288
60544
60736
61056
60928
61056
60928
61312
61440
61376
61376
61376
61376
61568
61248
61120
60736
60992
60928
61376
61184
61184
61248
61248
61312
61376
61184
61248
61312
61312
61120
60672
60736
60480
60160
59904
59264
59456
59264
59328
59136
58880
58816
58688
58816
58368
58048
58112
57920
57728
57408
57280
56896
56448
56000
55808
55552
55552
55616
55616
55936
55936
56128
56256
56384
56320
56576
56576
57024
57536
57536
57984
58240
58176
58560
58368
58752
58688
58752
58816
58944
58944
59008
58880
59584
59648
60160
60800
60928
61696
61760
62592
63552
63040
63552
63808
64064
64640
64896
65152
65408
0
512
896
1152
1536
1792
2304
2688
3008
3072
3392
3776
4160
4288
4672
5056
5184
5632
5632
6144
6528
6528
6528
6400
6464
6464
6528
6592
6528
6592
6720
6400
6528
6272
6464
6400
6208
6208
6080
6144
6016
5952
5568
4736
4480
3200
2624
1152
65344
64256
62976
62272
61120
60032
59520
58624
58048
57664
57472
57024
57152
57216
57152
57216
57408
57408
57536
57792
57856
58112
58368
58688
58880
59008
58944
59072
59008
59328
59008
59072
59136
59136
59328
59264
59264
59264
59584
59648
59776
60096
60416
60480
60864
60992
61376
61504
61632
61888
61760
61952
62208
62272
62208
62208
62336
62464
62656
62400
62400
62272
62208
62272
62336
62208
62336
62144
61824
61824
61632
61568
61440
60992
60864
60608
60416
60352
60160
59904
59520
59328
58880
58880
58624
58560
58304
57984
57536
57152
57152
56768
56704
56192
55872
55552
55232
55040
54784
54208
54400
54080
54080
53824
53504
53248
53184
53120
53184
53184
53440
53632
54272
54848
55552
56000
57024
57856
58176
59072
59648
60096
60480
60736
60864
60800
61056
60928
60864
60672
60288
60224
59968
60160
59968
60928
60416
59840
59840
60096
60480
60864
60672
61248
61120
61312
61184
61504
61824
61952
62272
62656
62848
63296
63488
64000
64192
64768
65408
192
768
1600
1920
2432
3008
3648
4480
4992
5376
5376
5568
5184
5696
6272
6528
6720
6848
6912
6848
6848
6784
6784
7104
7232
7552
7552
7616
7680
7552
7616
7744
7936
7808
7808
8000
8128
8384
8512
8384
7936
8064
7424
7104
5888
4736
4096
3584
3264
2880
2752
2496
2048
1664
1088
640
384
64960
64064
63936
63360
62720
62400
62016
62208
62144
62080
62272
62272
62208
62272
62336
62016
61760
61504
61312
60992
60928
60672
60352
60224
60160
60096
60032
60096
59904
59904
60032
59968
60032
59904
59904
59776
59840
59776
59712
59520
59456
59328
59392
59328
59328
59328
59392
59584
59264
59264
59264
59328
59456
59008
59200
59328
59520
59136
59200
58688
58432
57920
57408
57024
56320
56064
55552
55424
55104
54912
54784
54528
54656
54592
54528
54464
54592
54592
54848
54784
54976
55104
55104
55104
55104
54784
54784
54464
54400
53888
53824
53632
53312
52864
52736
52224
51840
51456
51264
51200
51392
51840
52288
52736
53056
53888
54848
55104
55872
56256
56384
56192
56256
55936
55808
55744
55744
56320
56512
57216
57408
58112
58816
59456
59840
60416
60864
61184
61760
61952
62464
62464
62912
63488
63552
63936
64064
64640
65024
65408
512
896
1536
2304
2944
3840
4864
4992
5824
6208
7040
7616
8000
8512
8512
8512
9024
8832
8960
9152
8960
8640
8448
8320
8384
8128
8128
8064
7936
7936
8128
8384
7936
8256
8256
8448
8768
9088
9152
9920
9344
9472
9344
9088
9152
8384
8064
7936
7360
6912
6464
5696
5504
4352
2752
2368
896
192
63808
61760
60736
58688
56640
55488
53632
52800
51328
50752
50560
50688
51072
51904
53056
53440
54336
54592
55296
55616
55744
55680
55680
55488
55296
55360
55424
55616
55552
55680
55936
56064
56192
56256
56256
56192
56768
57152
57088
57280
57536
57728
58240
58368
58752
58752
59328
59776
59776
60096
60480
60544
60736
61056
60928
60992
60992
60800
60736
60608
60416
60096
59968
59712
59520
59136
58816
58560
58240
57856
57728
57472
57152
56640
56128
55744
55168
54976
54272
53888
53760
53248
53184
52992
52672
52736
52608
52672
52800
53312
52992
53952
54400
55104
55936
56384
57280
57536
57664
57920
57472
56832
55744
55424
54464
54464
54400
54656
54848
55232
55616
56064
56512
56704
57024
56512
56896
56640
56768
56384
56384
56384
56704
57024
57600
58432
58944
59840
60224
60544
60992
62656
61632
62080
62272
62656
62848
62976
63424
63744
63872
64320
64704
64896
65344
0
320
640
1024
1728
1920
2496
2688
3136
3584
3904
4160
4608
4992
5184
5376
5568
5824
6016
6144
6784
6592
6656
6784
6976
7040
6848
6784
6720
6720
6656
6464
6464
6400
6400
6592
6720
6528
6272
6080
5440
4288
3904
3008
2688
1792
1152
1024
320
0
64640
63488
63040
61824
60864
60288
59136
58688
57664
57024
56384
55808
55424
55488
54976
54720
54720
54656
54912
54848
54720
54656
54720
54592
54656
54336
54400
54272
54336
54336
54400
54592
54656
54848
55040
55104
55488
55488
55872
55936
56192
56512
56512
56768
57088
57152
57344
57472
57536
57792
57984
57920
58496
58048
58304
58176
58368
58368
58496
58560
58688
58688
58560
58368
58240
58112
57920
57664
57472
57216
56768
56576
56576
56448
56320
55936
56192
56128
56064
56192
56192
56192
56000
55808
55616
55616
55424
55360
55232
55104
55104
55232
55168
54976
55168
55040
55040
55552
55744
55808
56128
55936
56128
55680
55488
54912
54336
54464
54336
54464
54720
55168
55296
55936
56448
56640
57152
57088
57344
57536
57600
57600
57792
57600
57792
57920
58240
58816
58880
59264
59392
60096
60672
60672
61120
61184
61312
61760
62144
62016
62656
63104
63424
63616
64192
64384
64960
65152
64960
64960
64960
65088
65280
384
896
1472
1664
1984
2368
2944
3136
3584
4096
4288
4480
4672
4736
4992
4992
5248
5184
5376
5568
5760
5568
5312
5568
5504
5568
5504
5312
5120
5056
4800
4544
4032
3456
2880
1920
1472
640
384
65280
64384
64064
63360
62976
62272
61696
61568
60864
60544
60288
59712
59392
59072
58752
58240
57664
57472
56896
56448
55808
55616
55360
54976
54976
54720
54272
54400
54272
54400
54208
54272
54080
54208
54336
54592
54720
54784
55168
55296
55680
56000
56064
56384
56384
56832
56896
57152
57344
57472
57664
58048
58240
58560
58816
58944
59328
59392
59712
59904
59456
59776
59968
59904
59904
59072
59584
59264
58880
58688
58240
57408
57472
56448
55872
55360
54784
54464
53696
53184
53120
52800
52736
52672
52800
52736
52992
52864
53504
53952
54144
54656
55168
55360
55616
55552
55936
55808
55616
55424
54912
54592
54016
53568
53504
53376
53248
54080
54784
55488
56448
57280
57792
58624
58752
59264
59712
59840
59456
59136
58560
58240
58048
58432
57088
57216
57280
56960
57664
58048
58368
58752
59008
59584
59840
60352
60608
60672
61312
61568
61760
62400
62592
63104
63616
63872
64128
64832
65024
0
256
704
1216
1472
1792
2240
2880
2944
3584
4160
4160
4352
4608
5056
5504
5504
5760
6080
6272
6784
6976
7104
7424
7424
7744
7872
7808
8064
7936
8192
7872
8128
7936
7616
7488
7616
7552
7808
7872
8320
7424
6912
7360
6976
6784
5696
5120
4288
3392
2560
2176
1408
1216
256
65152
64704
64000
63936
63424
62912
62656
62336
62400
61952
61632
61504
61568
61440
61440
61312
61056
60800
60864
60416
59968
59776
59456
58688
59072
58688
58432
58368
57856
58304
58304
58240
58112
57920
57920
58048
58112
58176
58304
58304
58560
58752
58816
58944
59008
59072
58880
59136
58944
59008