7872
8832
8896
9536
9728
10816
11008
11072
11392
11968
12160
12416
12672
13056
13056
13248
13440
13504
13760
13760
13376
14080
14656
14144
14592
14464
14592
14976
14976
15360
15360
15552
15936
16128
16704
17088
17280
17984
18176
18624
19072
19392
19840
20096
20160
20288
20544
20672
20224
20352
19520
19712
18944
18240
18368
16960
17664
16960
17024
16128
16128
15936
15552
15360
15680
15232
15680
15744
15360
15040
14720
14784
14656
14592
14208
13952
13696
13312
13120
12544
12288
11712
11456
11008
10176
10176
9600
9152
9280
8768
8192
8192
8064
7552
6976
6272
5376
4928
4224
3648
2880
2240
2176
1600
896
320
384
65344
64192
63936
63232
63232
62656
62656
62272
62208
61504
61376
61056
60416
60224
59968
59392
59392
58432
57472
57472
57408
56768
55936
55232
53952
53696
52800
52224
51968
52032
51136
50816
50752
50880
51008
51264
51648
52608
52928
52800
54016
55488
55872
56128
56384
56576
56704
56704
56896
56768
56768
56512
56448
56256
56064
55936
55680
55552
55552
55360
55168
55104
54720
54272
53696
53568
53376
52608
52480
51904
51648
51584
50944
50624
50240
49664
49216
48512
47808
47744
46656
46208
44480
43840
43264
42624
42688
42368
42560
43008
43776
44224
45888
46912
46912
48768
49216
49984
51072
51264
51456
52096
51520
51712
51264
50752
50624
51008
50560
50432
50752
50688
52416
51200
52032
52992
53248
53696
53888
54976
54784
55232
56128
56896
57216
57600
58560
58624
59072
59584
59904
60480
61248
61440
61568
62272
62016
62016
63424
63424
64064
63744
64640
64832
64960
65280
64
576
896
1024
1280
2240
2112
2624
2368
3136
3200
3392
3136
3712
3584
3904
4160
5248
4864
5184
5504
5824
6336
6848
7104
7808
8256
8704
9280
9664
10176
10176
10560
10944
11008
11200
11456
11392
11712
11712
11584
11968
11968
12160
12416
12480
12544
12800
13440
13696
13760
14464
14784
15168
15168
16128
16192
16896
17024
17920
18304
18752
19072
19264
19328
19264
19328
19136
19008
18624
17920
17408
16832
16064
15296
14528
13952
13248
12608
12160
11712
11264
10816
10368
10048
9600
9280
9024
8704
8320
8064
7808
7360
7168
6528
6080
5760
5376
4864
4736
3904
4224
3968
3712
2944
2944
2624
2176
2496
2112
2176
1856
1728
1728
1088
576
896
448
576
128
384
65344
65152
64704
64832
64704
64384
64128
63744
63488
63552
63360
62720
62976
62592
62336
62336
61824
61760
61376
61376
61184
61120
61248
60864
60544
60736
60288
60224
60160
59840
59648
59456
59328
59072
58816
58624
58496
58368
58304
57920
57600
57408
57344
57024
56704
56640
56320
55872
55744
55680
55552
55232
55104
55040
54976
54912
54976
55040
55168
55232
55296
55424
55360
55104
55360
55168
54848
54976
54272
53376
53120
52096
51776
50624
50176
49856
49024
48128
48000
47296
46400
45760
44864
43840
42816
42176
41536
41024
40768
40576
40640
40896
41408
42304
43520
44672
45824
46912
47872
48640
49408
49536
49856
49920
49856
49792
49600
49280
49280
49088
49280
49472
49152
49408
49024
49088
49792
50048
51264
51328
51456
52672
52544
53440
53824
54528
54784
55104
55232
55104
56192
55808
56640
56192
56768
56896
56832
57536
58048
57728
58304
57856
59008
59584
59968
60416
60928
61184
61440
61888
62208
62528
62848
63296
63616
63808
64256
64640
64832
65152
65408
0
320
640
1024
1152
1280
1472
1792
2112
2240
2432
2752
3008
3264
3584
3840
4096
4096
4480
4800
4992
5312
5760
6016
6144
6528
7296
7552
7872
8704
8704
8896
9408
9536
10240
10432
11520
11776
12032
12544
12736
13248
13824
14336
14848
15424
15936
16576
16896
17472
17792
18624
18944
19520
19520
20032
20416
20992
20864
21184
21376
21440
21312
20992
20864
20608
20160
19776
19648
19200
18368
18432
17920
17856
17408
17344
17088
16960
16896
16384
16128
15808
15424
15104
14656
14336
14208
13440
13440
13056
12160
12160
11200
10624
10368
9152
9216
8256
7616
7104
6144
6016
4736
4352
4416
3584
2944
2240
1024
448
768
192
65216
64896
64512
64000
64000
63488
63232
62912
62848
62656
62336
61888
61568
61248
60928
60672
60480
59968
59392
59456
59584
58880
58752
58240
57600
56896
56896
56064
56128
56192
56064
55936
55424
55232
54976
54976
54848
54912
54912
54784
54912
54976
55104
55168
55488
55488
55616
55616
55744
55808
55808
55616
55552
55360
55104
54656
54272
53888
53632
53440
52992
52672
52480
52224
51712
51136
50944
50432
50240
50048
49536
49344
49088
48768
48448
48128
47808
47424
47168
46656
46464
46208
45952
46208
45952
46208
46784
46912
47872
48320
48256
48640
49344
49664
50752
50752
51456
52032
52352
52480
52736
53056
53248
53184
53312
53696
53056
52224
53248
53184
52864
53056
52480
53440
53568
54144
54272
54464
54848
55488
55680
56064
56832
57024
57024
57600
57472
58048
58624
58816
59200
59136
59200
60352
60608
60416
61568
61376
62080
63040
63040
63488
63936
64320
64320
64960
65472
448
448
832
1728
1664
2048
2240
2752
3264
2496
3584
3776
4160
4288
4608
4736
4992
5248
5504
5504
6080
6208
6656
6976
7296
7680
7936
8320
8640
9024
9216
9600
10304
10432
11328
11520
11648
12032
12416
12288
12672
13056
13184
13696
13440
13952
13760
14080
14528
14016
14720
14912
14912
15168
15360
15488
15552
15808
16064
16256
16576
16832
17216
17472
17856
18112
18368
18624
18752
18944
19264
19328
19328
19136
18816
18432
17920
17216
16640
16256
15872
15424
14848
14528
14144
13632
13376
12992
12672
12224
11904
11648
11200
11008
10624
10240
10304
10176
9728
9728
8768
8832
8192
8000
7360
6976
6784
6208
5440
5120
5824
4672
4352
4992
5248
4416
4800
3840
4096
3200
2880
2432
2112
1600
1472
576
448
65408
65152
64576
64192
63616
63360
62848
62528
61696
61248
60800
60480
59904
59968
59392
58944
58560
57728
57344
56960
56640
55680
55552
54976
54656
54464
54016
53760
53184
52800
52544
52352
52160
52160
52032
51840
52096
52224
52480
52928
53120
53312
53504
53696
53760
53632
53632
53760
53440
53056
52352
52864
51904
52288
51776
51520
51712
50624
50624
50112
50624
50304
49600
49728
49600
49728
49088
49024
49344
49152
49024
48896
48896
48768
48704
48704
48640
48576
48640
48704
48640
48896
48768
49152
49152
49344
49472
49472
49536
49728
49728
49920
50112
50240
50304
50624
50816
51072
51392
51712
52096
52416
52736
53056
53376
53504
53952
54016
54208
54272
54464
54464
54464
54400
54336
54592
54656
54848
55104
55168
55040
55424
55232
55616
55808
55872
56128
56320
56576
56832
57024
57280
57536
57856
58304
58816
59072
59712
60032
60992
61632
62272
62912
63552
64320
64960
64
640
1344
1792
2432
2944
3328
3712
4032
4416
4736
5120
5376
5632
5952
6336
6720
6976
7360
7808
8064
8384
8832
9152
9280
9728
10112
10624
10560
11200
11456
12160
12224
12672
12864
13312
13760
13824
14400
14656
15168
15424
15680
16384
16896
16768
17472
18176
18368
18880
19200
19712
19968
20352
20736
21184
21632
21888
21888
21824
22016
22080
22080
22016
22080
21504
21888
21952
21568
21056
20992
21120
20480
20288
19904
19648
19392
19328
19008
18944
18688
18624
18496
18496
18432
18368
18368
18496
18624
18624
18368
18112
17984
17856
17152
16512
16256
15552
14912
13568
12992
11136
10816
9792
8768
7680
6528
6016
4800
3840
3648
2240
1280
1280
1088
448
0
65024
64192
63808
63104
62784
62208
61760
61888
61632
61376
61376
61120
60800
60864
60736
60608
60096
60096
59776
59072
58816
58304
57344
56832
56128
55424
54656
53824
53184
52544
51840
51328
50880
50368
50112
49856
49664
49408
49280
49216
49280
49280
49280
49344
49472
49664
49728
49536
50112
49856
49664
50304
50112
49984
50304
50368
49856
48896
49536
48960
48448
48128
48320
47872
47296
47488
47808
47104
47616
48000
47680
48064
47872
48256
48256
48832
48640
49152
49152
49088
49280
48960
48704
48960
48768
48896
48448
48512
48640
48384
49152
48960
49280
49472
49536
50048
50560
50816
51392
51648
51968
52800
52864
53312
53632
53952
54016
54336
54464
54528
54784
55168
54912
54848
54208
54848
54848
55296
56000
55936
56192
56768
57216
57280
57664
58176
58752
59008
59712
59264
59904
60288
60224
61184
61312
61376
62528
62016
62912
63552
64448
65088
64768
704
512
1216
1856
2240
2240
2880
2816
3200
3904
4032
3584
4544
4800
4928
5696
5632
6208
6656
6976
7232
7552
7936
8384
7872
8512
8832
9536
9216
10112
10880
10560
11264
11328
11840
12288
12544
12992
13568
13952
14272
14848
14848
15168
15232
16256
16576
17088
17792
18048
19200
19520
20480
21184
21888
22144
22720
22976
23232
22976
22976
23488
23104
23104
23808
22912
22912
22656
22144
21632
21120
20224
19392
18880
17856
17024
16960
15552
15296
14528
14016
13440
12992
12672
11968
11648
11072
10176
9408
8896
8320
7936
7744
7232
7424
6592
5888
6592
5504
5760
6016
5120
5248
4736
4352
4480
3264
2752
2048
2112
1216
896
576
128
65344
64960
64768
64320
64000
63744
63552
63104
62976
62720
62592
62208
61888
61696
61312
61248
60928
60544
60608
59904
60096
59136
58880
59072
58560
58240
57664
57792
57408
57408
57024
57088
57280
57152
57408
57536
57536
57536
57280
57472
57216
57664
58176
57984
57920
57856
57664
57920
57984
57408
57472
57536
57216
56896
57088
56704
56832
56576
55872
55616
55616
55232
54464
54272
53888
53888
54208
53632
53376
53120
52928
52032
51904
51584
51008
50944
49984
49280
49280
48576
48064
47296
46784
45248
44416
44480
43648
43072
42112
40768
40576
39232
38656
37952
37696
37568
37184
38080
38976
39744
41024
42944
44160
45440
47936
49024
49472
49984
50368
49728
50368
50048
49664
49664
49920
49792
50048
49984
50624
50240
50880
50624
50880
51136
51392
52480
52224
53824
53248
53952
54912
55552
55936
56448
57088
57216
57408
58752
58624
59072
60288
60544
60224
61696
61824
61952
63616
63296
64448
64832
448
704
1408
1600
2688
2816
4416
4864
5568
6208
6912
7424
8064
8640
8512
9152
9472
10368
9984
10816
10816
11520
11520
11136
11968
12480
13056
12736
13184
13312
14144
14336
14848
14592
15744
15360
16512
17024
16448
17536
17664
19200
19008
19584
19776
20800
21632
21568
21952
22400
22784
23936
23808
24320
25024
25536
24960
25984
25792
26176
25920
25792
25792
25088
25600
25280
24960
24896
24896
24704
24192
23808
23616
23232
23104
22656
22208
22272
21248
20992
20608
20608
20160
20160
19968
19776
19648
19648
19392
19264
19008
18368
17344
16832
14720
13888
13056
11840
11072
9600
8896
7936
7168
6144
5504
4928
4224
3776
4096
2880
2624
2752
1984
960
1024
512
64
65216
64896
64320
64000
63616
62912
62464
61888
61696
61312
60736
60480
59840
59264
58816
58368
57856
57472
57152
56704
56640
56256
55680
55360
55232
55040
54592
54400
54144
53568
53248
53184
53120
52864
52544
52416
52864
52800
52736
52864
52928
53120
53120
53184
52992
52928
52864
52544
52352
51968
51712
51264
50880
50624
50368
50112
49792
49472
49152
49088
48832
48576
48576
48448
47808
48000
47616
47680
47616
47552
47744
47936
48512
48384
49088
48640
49664
49280
49216
49152
49792
49664
50048
50240
50240
50176
50560
50688
49984
50432
49920
50560
49920
50048
49920
49472
49920
49408
49920
50240
50560
50560
51072
52032
51968
52288
52672
52928
53760
53632
53696
53760
53888
54016
53696
53504
53760
54144
54144
54720
54528
55552
56000
56192
56704
57024
57344
57984
58368
58944
59584
59968
60480
60672
61568
61888
62080
62400
63616
63360
64000
64640
64832
0
64
704
640
512
1344
1408
1856
1472
1664
1792
2560
2240
3072
3136
3840
3072
4160
4480
4672
5056
5440
5824
6336
6720
7104
7552
8000
8384
8896
9472
9984
10560
11072
11584
12096
12480
12800
13248
13568
13952
14208
14336
14464
14784
14912
15424
15552
15488
16064
15936
16320
16448
16512
16704
17024
17216
17792
18304
18432
18752
19200
19584
19776
20416
20416
20544
20672
20736
20864
20736
20672
20672
20416
20352
20032
19584
19392
18944
18432
17792
17216
17152
16576
16320
16064
15744
15424
15104
14656
14208
13824
13376
13120
12736
12736
12608
12416
12416
12288
11904
11904
11840
11904
11072
11008
11008
10688
10688
10560
9984
9472
9216
9536
8576
8192
7680
7168
6656
6336
6016
5632
4992
4352
4160
3712
3200
2816
2496
1920
1472
1088
576
64
65280
64768
64256
64128
63488
63040
63296
61952
61760
61504
61760
61056
60288
60352
59712
60416
59200
59072
58944
58880
59264
58432
58688
58880
58752
58560
58624
58176
58560
58304
58432
58688
58688
58496