27648
27328
26496
26752
25664
22720
22400
22144
20800
19648
14464
13312
12416
11840
11136
11840
12480
12416
12864
17664
25664
17280
9216
11712
4544
64128
7808
61248
51776
20736
30912
16704
24256
16960
17152
16384
15936
18560
18432
18880
17280
17344
18240
21760
22144
11648
3264
37632
42752
32576
32384
32640
32640
32640
30336
32640
27904
32448
32640
23040
17216
15552
12288
12416
9856
8512
11904
14912
20864
24000
26816
26560
21824
21696
25408
29568
15488
5952
64960
60480
54144
53376
32896
17984
21632
16832
20992
21824
18880
18688
18240
15872
15936
20096
18048
19584
19008
22656
11712
49216
53888
31424
26688
32640
32192
27520
27520
24128
23424
26432
21312
20416
14848
11456
10496
9728
6464
6016
8832
11520
18560
22592
25344
22016
22272
19968
20672
26432
26368
64576
56000
62336
63168
50368
32640
16704
15232
19584
18816
18176
18560
16896
17792
17792
17024
17408
16000
20096
19904
22272
17600
27264
58816
26944
28224
32448
32640
32640
32640
31168
30144
31936
29184
27520
21440
17728
15232
11584
5248
4608
7936
11456
20672
28224
26752
26304
24832
19712
24960
21888
15232
1216
64064
54144
52544
32896
32640
21568
15232
20032
19072
18304
17664
17024
16576
12352
16512
19136
19712
21568
25088
13824
65280
40064
24704
23360
28800
31232
29696
28992
27648
27584
28096
26752
23296
21824
14784
12416
10240
8512
4992
5952
9728
16320
21184
28736
28352
25088
24320
27136
32320
19072
15360
15040
10624
60544
54080
33280
32896
13248
19008
18560
19200
18496
18176
16960
16704
16448
15040
16192
18176
19072
20032
20992
15168
18304
32896
51008
27072
25024
32640
32640
29504
30016
30464
31104
30336
30464
29184
25984
21952
14656
11520
6144
4736
5632
8000
14720
19904
29120
32640
31360
28416
28160
25152
23488
19584
11904
65280
58560
49920
48448
32896
32640
24640
19200
19008
18816
19008
17472
17472
17344
17408
14848
20160
20288
19520
20928
17984
61824
5120
22400
25536
32512
32640
30464
29568
30016
31552
32576
32640
32256
30272
22080
18048
10624
7936
5760
6464
12224
16000
23552
28544
31552
29952
24384
21312
21184
23296
18880
17152
5184
52544
49088
49792
32896
20864
18944
16832
17920
19904
19840
17152
17536
17216
16256
17472
19648
21440
19328
16640
8384
41600
40576
19904
19584
29312
32064
32320
31552
32256
31104
32256
30720
28928
24512
23168
19072
15808
7616
5696
8192
10624
19776
23552
29184
29632
27328
25408
24960
28416
21184
14528
5184
8128
57600
49216
48448
32896
32640
18880
15872
20928
18560
18496
18112
17024
16640
16320
17984
19840
18688
21760
3136
6208
51520
43776
18624
22656
30784
32128
29888
28224
26496
26560
28992
29184
27968
25728
18816
14400
11520
9280
8960
7808
10624
14080
19648
23872
25600
26112
24320
24768
23616
21312
17920
22976
16704
50752
43200
50624
32640
32640
32512
15232
18688
22848
16512
17984
16384
17088
17856
17024
17792
19648
17856
15296
8000
9856
32896
38464
13952
19072
32320
32640
32640
32640
32512
32192
32640
32640
32000
30592
21120
18432
14400
11136
6336
7360
8768
12480
16512
21568
20352
21312
22656
20736
18048
16320
15744
19904
14400
55616
47552
32896
17792
32384
23104
22016
23680
20864
18752
18752
18688
17088
16640
17792
17728
20992
19712
9984
8192
19904
44096
8320
25920
28800
32640
32512
27584
26240
27264
27904
26752
25408
20096
15744
12160
11200
6272
3712
4288
6912
12096
18880
20352
26112
25664
23616
21888
21760
20416
10304
11136
65088
58816
52736
40704
31936
20928
22400
19200
18752
18560
17792
17984
16192
16896
17216
18496
19712
20864
19584
6848
31936
42304
5376
23872
28416
32640
32704
30208
28608
26624
29504
32256
30016
26496
17792
14720
9024
4544
1088
3200
8128
10880
18944
23104
24896
22144
21056
20672
25856
28864
19328
13376
3264
62656
52608
32832
19200
17152
27136
18752
18304
17920
18048
14272
17280
17472
17344
17920
18752
19392
21120
20608
10752
54016
39808
24832
22912
32128
32704
29248
29056
26752
27200
29120
26880
24704
17472
15488
13504
11456
5888
3968
7744
10176
16512
20288
24320
24832
26176
24704
19264
20544
18816
15040
5632
61632
47040
32640
43840
960
18688
17664
17536
18112
17472
17856
17536
16448
16768
19648
16832
20608
21376
19264
9856
27776
59328
5120
21952
23424
32128
32320
27904
26496
25280
26240
29248
30784
27264
25152
18304
12864
11200
6656
6464
8768
10880
17856
20992
25216
27392
24192
22656
19456
17472
18304
18944
15040
11584
46848
33664
33344
55680
26496
24960
17728
16320
19456
18432
17216
18368
17600
17408
17664
18688
19392
19840
24384
19392
15040
43008
38848
22720
24896
27648
29376
28992
26880
27968
28288
27648
27520
24256
18880
14208
9856
9152
7168
5312
6272
8640
14336
16640
20480
22976
26880
25152
24064
26112
19264
14912
12672
7424
50944
45120
45376
60224
30336
22464
14592
16640
20032
18368
17024
16640
16320
18624
20416
18560
19776
20800
21504
9984
19328
32896
62272
20416
21952
32640
32640
32640
29568
26688
27328
27712
25984
22080
19584
15040
14016
12096
7232
7360
11264
13952
19776
23040
26752
27328
24640
23872
24576
26112
19392
13952
9536
1152
52800
54144
32640
32896
8448
17024
19776
19200
18688
16704
16256
15744
18816
18560
18176
19840
21440
21632
16832
17408
32896
43968
16320
19968
31424
32640
30336
29120
26048
26560
29632
31680
28736
26304
20480
18880
15040
12800
8576
7616
11328
13568
19136
21440
24448
25856
22080
23744
26624
16192
7680
320
62976
53120
53184
3328
64512
20544
26880
22912
18432
19712
19072
17472
16960
20288
15360
17344
20608
22080
25216
25536
8320
59840
49984
1472
15168
25920
30656
31872
32640
32640
32448
32256
32640
32448
27264
22592
18816
16960
8128
5184
4032
8832
12224
17344
19712
22656
23040
18816
15872
17792
20992
17088
17152
1408
58048
49600
53568
32896
32640
23872
13952
19136
19840
20160
17152
15360
15104
16064
21568
19840
17984
14784
1728
9472
34432
48448
16512
19904
29056
31872
29312
28672
26432
26688
27968
28480
26112
22976
16064
15936
14208
11136
9344
9664
11264
18304
22656
27328
26368
22656
24256
23872
21568
16896
16896
8896
48576
44416
32640
59328
8320
21504
19648
20480
15488
19328
16832
17920
16768
16832
17792
18112
18880
19136
14464
4736
29952
47040
9728
22592
29952
32640
32384
27776
26880
26688
27328
29184
29824
26560
23360
17216
15808
10944
6528
3584
6720
12736
15936
22144
24192
28288
27840
24640
23168
23680
18304
16448
1088
59136
50496
49344
32896
32640
24512
18240
18432
19136
18112
17472
17152
16832
17664
17344
18112
18688
19200
18560
11072
17536
15552
54400
5760
23936
25280
29952
30720
26816
25472
24256
24704
26048
26304
22464
18560
16320
15168
8768
4608
4736
7104
12800
15936
22080
24064
24128
23104
19456
19584
27840
28992
23296
56896
43200
32640
53888
16704
20864
16640
22528
17600
17856
14272
16256
16896
16960
17408
17920
19840
20416
21440
26048
32640
37952
6912
21184
25088
31872
29504
25984
28544
26432
26560
28864
28928
23488
19008
19072
16256
11072
7744
8576
12224
15616
21824
23552
27456
27840
24128
21056
23552
25856
25280
20032
4288
60480
47296
43072
18432
24192
29568
21120
18496
21056
17792
17152
17472
17088
18432
17792
18816
18240
21888
12352
12160
50368
43968
19456
23744
29760
30848
26112
26240
27072
28096
29632
28352
27584
23424
19712
15232
13312
7680
4992
7168
9856
16192
19264
23040
24384
23744
24960
27392
29504
24448
21504
8768
3008
63936
45184
42176
54848
32192
22208
20160
18944
18880
18176
18176
17408
16640
16384
16640
18496
18816
19392
21568
14400
9536
59456
38080
22464
23936
28224
30272
30016
28160
27072
25984
27008
26752
23680
15040
14784
14272
12224
8064
7424
8448
10240
15232
16896
21120
21632
25920
25536
18432
17408
14528
8448
8768
63104
46528
30912
38976
14912
22208
18496
19776
18304
18112
16512
17024
16320
17792
17408
17728
18816
20864
19776
12992
7040
11328
45312
14272
22592
27264
30720
31808
29760
26240
24768
24576
25600
24768
22400
15872
15616
13952
6976
4800
5504
8256
14784
17856
24064
26944
28160
25472
17152
16832
19072
15616
12096
4800
50688
45184
53120
12800
9664
29056
20608
18560
17856
19328
17280
16832
16256
17920
18752
18496
19456
21760
22592
4480
24320
32960
61888
24640
27520
32640
32000
26880
25792
27776
30208
31168
29056
25024
21824
19328
17280
11008
7808
8512
14144
17408
24192
26880
27904
28032
22336
22464
25920
22912
8896
4736
62912
57216
47040
32640
32640
18432
17920
19264
18560
19328
17472
16704
15360
16000
16256
17216
17600
21952
21056
20544
7488
26432
49792
4096
18304
27584
31808
32640
32384
31104
30464
30016
30912
28032
27712
20096
16256
13760
6464
5504
7296
9792
15808
19392
25536
28032
31680
31104
25344
25600
24768
26752
28928
1536
56384
55360
58880
32896
32640
6656
29056
25408
21952
13504
19520
17152
15232
17216
15168
18880
19840
19520
25920
65280
15360
32896
57728
18304
29632
32640
32640
32640
29312
29568
32640
32640
32640
32256
28032
24832
17472
14464
9792
9216
12160
15296
22272
24576
28864
30528
30784
23680
20864
31360
24576
2432
61056
50304
42176
41472
54464
17728
29504
15616
18496
18368
18368
18368
17600
18304
17088
17152
20416
16320
19328
19136
18176
61888
32640
52032
8768
20992
29824
31808
28032
26944
27904
25408
24896
26240
27712
24896
17408
17408
14848
11520
8640
9216
11456
13056