6464
6336
6400
6400
6272
6528
6720
6592
7104
6656
7488
7168
7744
8320
8128
8384
8960
9152
9536
10176
10240
10688
11008
11520
11712
12096
12544
12736
13248
13376
13632
13824
14080
14400
14592
14592
15040
14848
15424
15168
15296
15296
15168
15360
15296
15168
15040
14528
13888
14016
13120
12928
11648
10944
9920
9152
8512
7744
6784
6272
5568
4800
4288
3776
3200
2688
2176
2048
1920
1728
1536
1728
1920
1984
2176
2688
2752
3264
2496
2496
1984
1856
1792
2112
1728
1088
1152
960
896
0
64
65088
64896
64704
64384
64064
63680
63616
63232
62784
62720
62976
63104
62144
61568
62016
61504
62016
61696
61312
61312
61184
61632
60736
60672
60672
60672
60288
60416
60224
60032
59776
59712
59264
59456
59200
59392
59072
59200
59072
59712
59136
59392
59584
59776
59136
60032
59584
59712
59712
59584
59456
59456
59264
59264
59136
59008
59008
58816
58240
57984
57792
57792
57600
56960
56768
56768
55808
55744
56000
55552
55360
54912
54656
54272
53952
53760
53568
53248
53056
53056
52288
52672
52928
52800
51776
52032
52032
51136
50752
51008
50624
50368
50304
50048
50368
50304
50304
50304
50368
50560
50560
50816
50496
50880
50880
50688
50688
50944
51584
50624
50944
51072
50688
51520
51200
51328
50944
51968
52288
52608
53184
53568
54272
54976
55808
55936
57088
58240
58688
58944
59392
60352
60928
61184
61184
61376
61504
62080
61824
61952
61952
61760
61824
61824
61952
61568
62016
62016
62656
62080
62464
62912
62912
62720
63296
63168
64000
63872
63744
65216
64640
64832
65088
65344
65472
64
192
384
384
640
768
896
1280
1152
1472
1216
1344
1344
1920
1920
2688
2432
2496
2496
2688
2432
3520
3136
3392
3840
4096
4736
4544
4864
5568
5824
5824
6016
6272
6400
6528
6656
6592
6912
7296
7168
7424
7040
7232
6848
7104
6592
7232
6784
6912
6976
7168
7104
6400
7040
7104
7104
7168
8128
7488
7936
7744
8576
8000
8704
9024
9280
9728
9728
10304
10624
10496
11328
11648
11520
12096
12096
12160
12672
13248
12736
13568
13248
13696
13760
13824
13760
13760
13760
13568
13632
13440
13312
13184
12736
12352
12224
11968
11520
11200
10816
9984
9984
9408
9344
7872
7296
6464
5504
4672
3968
1920
1216
448
65216
64384
63616
63040
62656
62272
61824
61888
61888
62016
62080
63040
63360
63488
63936
64000
65216
64448
64320
64448
64448
63744
63808
63360
63168
62848
62656
62528
62336
62144
62208
61952
61760
61952
61440
61248
61312
60928
60416
60864
60672
60928
60736
60736
60672
60480
60544
60544
60480
60416
60416
60352
60480
60416
60224
61120
61312
60096
60608
60480
60864
60544
60544
60608
60544
60480
60480
61248
61184
60928
61056
60992
60864
60608
60672
60544
60608
59840
59648
59328
58624
58368
58048
57536
57664
56384
56192
55872
55744
55232
55168
54912
54656
54464
54144
54080
53632
53440
53248
53440
52992
52736
52800
52672
52736
52480
53120
52352
51904
51520
52224
52352
52096
51904
51712
51840
51904
51904
52096
52096
52416
52480
52992
53120
53184
53376
53504
54016
54464
54592
54592
54016
54464
53632
53504
53888
53952
53312
53120
52928
52928
53056
53248
53568
53888
54208
54784
55232
55872
56576
57216
57920
58560
59072
59392
60416
60992
61824
61824
62080
62144
62336
62400
62400
62336
62336
62080
62272
62336
62272
62208
62336
62720
62656
62592
62720
62784
63360
63040
63232
63488
63616
63680
63744
64256
64960
65280
65152
128
64
384
512
704
896
1088
1344
1024
1792
1280
1600
2304
2176
1984
2432
2624
2688
2944
3072
3456
3648
3840
4032
4224
4416
4736
4736
5056
5056
5440
5312
5568
5952
6528
6208
6656
6400
7040
6848
7680
7232
7808
7936
8000
8320
8576
8640
8640
8640
8640
8640
8448
8192
8192
7936
7872
7808
7360
7872
7168
7488
6976
7168
6720
7168
7040
7168
7808
8128
7808
8448
8576
8896
8448
9664
9408
9600
9792
10176
10560
11072
11200
11392
11712
11776
12224
12096
12288
12416
12032
12608
12800
12608
12480
11840
12032
11776
11520
11968
11520
11456
9664
9600
8768
8384
8064
7744
7296
7168
6912
6720
6528
6272
5824
5312
4736
4032
3264
2496
1728
960
448
65344
64896
64704
64384
63488
63040
63424
63296
63168
63552
63936
64064
64448
64640
64768
64896
65024
65088
64704
64896
64640
64896
64320
64000
63488
63808
63872
63680
62720
62784
62848
62528
62400
62464
62528
62528
62464
62528
62528
62656
62400
62528
62720
63104
62784
62528
62528
62784
62592
63104
62592
63168
62848
62592
62208
62848
62208
62144
61760
61952
61824
61632
61504
61440
61504
61440
61440
61312
61120
61056
61312
61056
60672
60480
61056
61120
60544
60224
60032
59648
60096
58816
59136
59392
58944
58816
58752
58624
58496
58304
58432
58432
58368
58304
58240
58624
57856
57728
58304
57344
57216
56768
56320
57024
55872
55552
55488
54720
54144
53824
53440
52864
52416
51776
51456
51136
50624
50816
50560
50816
50624
50880
51392
51712
53120
53952
54016
54656
54912
55104
55296
55488
55616
55552
55616
56192
56128
56512
56576
57344
56768
57280
57920
57984
58624
59584
59904
61248
61504
62592
62976
63936
64256
65344
0
64
128
64
65472
65216
65024
64448
64192
63296
62976
62464
62656
62464
62656
62720
62976
63168
63424
63680
64000
64064
64576
64384
65280
65024
65344
64960
384
192
320
320
320
576
128
960
704
640
768
1536
960
1280
1408
1536
1728
1792
1728
2048
2048
2048
2688
2624
3008
3008
2816
2880
3392
3072
4096
3712
3712
4160
4288
4288
4608
5504
4864
5952
5888
5760
6208
6336
6272
6400
6400
6464
6528
6464
6528
6272
6144
6144
6208
5824
5760
5632
6080
5952
5632
6528
6144
7296
6400
7040
7040
7168
7872
8064
8256
8576
8832
9088
9408
9600
9792
10048
10368
10560
10880
11136
11328
11776
12288
12416
12608
12928
13760
14464
14592
15040
15040
15616
15616
15296
15168
16256
15936
15424
15360
14976
15232
14336
14208
13568
13248
12608
12288
11456
10816
10112
9472
8704
7808
6528
5568
4352
3264
2240
1408
65152
64448
63936
62848
62976
62272
61888
61504
62336
62400
62912
62912
63424
64000
64448
64576
64768
64704
64640
64192
64384
64384
63872
63744
63488
63360
62848
62208
62528
62272
62272
62208
61760
61888
61504
62144
61632
61760
61760
61568
61440
61632
61760
61760
61760
62080
62080
61824
62272
61696
61696
62080
61760
61632
61248
60864
60736
60416
60224
60096
59776
59648
59328
59584
59392
59328
58880
59328
59008
59072
59264
59840
59648
60352
60160
60160
60096
60160
60416
60480
60672
60672
60544
60416
60288
60288
60224
59904
60096
59456
59200
59328
59520
59072
58560
58368
58048
57920
57472
57408
57600
57152
57344
56960
56384
56576
56704
56704
56000
55552
55680
55936
55168
55424
56192
54784
54912
54720
54400
54464
54336
54272
54208
54272
54144
54528
54400
54272
54720
54592
54720
55296
55488
54976
55104
54784
54784
54400
54464
54528
54208
54016
54912
54976
55168
55040
55808
56064
56512
57216
57600
58240
58816
59456
60096
60672
61440
61632
61760
62464
62400
63296
62912
62336
63424
63168
62720
62272
62656
62528
62464
62400
62528
62656
62656
63168
63104
63296
63296
63680
63488
64192
64384
64512
64704
64768
65344
128
128
448
384
512
256
640
896
832
960
832
1280
1472
1600
1792
1920
2112
2304
2176
2432
2496
2688
2944
3072
3520
3328
3456
3392
3584
4096
4416
4352
3840
4416
5056
4608
5376
4864
5696
5568
5888
6400
6464
6592
6976
7296
7296
7424
7552
7680
7680
7744
7744
7808
7936
7872
7872
7488
7808
7808
7488
7616
7616
7680
7232
7168
7232
7168
7232
7424
7552
7552
7808
8256
8064
8192
8960
8640
9216
9152
9728
10368
10496
10816
11008
10624
11328
11328
12032
12224
11648
11776
12160
11456
11456
11136
10944
10560
10240
9280
9280
8640
8448
7808
7232
6336
5888
5056
4160
3968
2944
2560
1856
1600
192
65024
64384
64000
62784
62016
61952
60864
59520
58752
58432
57664
57408
57344
57408
57664
58624
59136
59712
60608
60992
61760
63040
63168
63360
64256
64960
64512
64768
65152
65344
64960
65024
64896
65344
64
65216
65088
65280
65216
65088
65088
65088
65088
64960
64768
65088
64576
65280
65344
65088
64576
65152
65216
65344
65472
65024
65344
65152
128
65088
64576
64448
64320
64576
64384
64384
64064
64064
63552
63872
63552
63424
62528
63360
62464
62208
62400
62336
62016
61568
61504
61312
60736
60672
60224
60160
59840
59584
59520
59200
58816
58688
58432
58048
58496
57920
57152
56960
57280
57152
57472
57024
56960
56896
57024
56512
56192
56000
55744
55552
55360
55360
55104
54976
54784
54208
54336
54016
54400
54144
54464
54016
54400
54656
54656
54656
54400
53760
54336
54080
54208
54016
53888
53632
53504
53376
53248
53120
53120
52864
52480
52800
52224
52352
52224
52480
52544
52672
52672
53376
53632
54016
54848
55040
55552
56256
56576
56896
58240
58048
58816
58880
59648
59904
60416
61120
61632
61952
62208
62400
62464
62592
62592
62656
62464
62208
62464
62400
62144
62080
61888
61696
61888
61824
61952
62080
62080
61760
62336
62080
62592
62848
62976
63296
63424
63616
63808
64128
64256
64448
64832
65024
64896
65152
65472
65088
65472
128
64
65280
448
64
448
320
704
960
1152
960
1280
1152
1856
1856
2048
2560
2880
3328
3008
3584
4288
4288
4928
5504
5376
5888
6528
6336
6592
7552
7488
7872
8640
8256
8704
9472
9536
9472
9600
9792
9664
9920
9984
9984
9920
9792
9792
9728
9600
9472
9408
9280
9152
9344
9344
9280
9920
10240
9600
10304
11072
11136
10816
11264
11776
12416
12736
12352
12416
12992
13760
13312
14208
13632
13696
13888
14272
13824
13760
13440
13312
12992
12672
12544
12224
11968
11520
11456
11456
10816
10560
10304
9920
9536
9088
9024
8448
8192
7616
7360
7104
6848
6464
5824
5312
4416
4480
1984
1536
320
65408
64448
63616
63040
62400
61824
61248
60672
60736
60416
59520
59520
59008
59648
59392
59328
59328
59904
59584
59520
59584
59840
60096
59392
59968
59456
59520
59264
59712
59456
59520
58944
58688
59328
59008
59008
58944
59072
59328
59200
59456
59456
59392
59456
59584
59584
59840
59904
60096
60224
60224
60352
59712
59392
60224
60096
59776
59456
60032
59904
59648
59584
59392
59840
58816
58816
58688
58624
58560
58240
58560
57856
58432
58496
58816
58688
59008
58752
58688
59200
58624
59008
58688
59264
58880
59264
58560
58432
57920
57920
57728
57408
56896
57216
57344
57216
57280
57088
57024
57088
57088
57344
56768
56768
56704
56576
56384
56320
56256
56064
56128
56256
56192
56064
56320
56000
56064
56192
56192
56640
55808
56064
56512
56192
56384
56064
56576
56704
56704
56896
56640
56768
57024
56960
56960
57024
57152
57088
57088
57472
57280
56896
56768
57792
56832
57216
57344
57920
57920
58304
58688
58944
59264
59776
60224
60736
61312
61760
62016
62720
63168
63232
64128
63680
63552
64000
63616
63168
64128
63488
62912
63680
63296
62784
63104
63296
63296
63424
63616
63616
63680
63744
63616
64064
63744
64640
64832
64832
65088
65280
128
64832
64
576
448
640
960
896
1280
1152
1472
1408
1792
1920
1984
2048
2240
2304
2176
2432
2432
2560
2560
2752
2880
3072
3456
3328
3648
3840
3776
3776
4032
4800
5120
5696
5632
6400
6400
7104
7616
7232
8448
8960
9792
9856
10304
10560
10816
10880
11200
11456
11392
11584
11456
11200
11136
10944
10688
10304
10432
9984
9856
9792
9280
9536
8768
9216
8512
8704
8640
9088
9088
9408
9472
9728
9664
9664
10112
10304
10240
10176
10304
9984
10880
10048
11136
11008
10816
10688
10944
10816
11200
10880
11008
10816
11008
10560
10880
11200
10496
10816
10816
10560
10688
10816
10432
10048
9728
8768
8384
7680
6848
5760
5440
4672
3200
2432
1088
192
65216
65152
64000
63552
63360
62080
61184
60992
61248
60736
60736
60800
60800
60928
61056
61184
61248
60992
61760
60928
61120
61952
60928
61632
61504
62080
61184
61440
61632
61312
61312
60864
60608
60480
60544
60288
60160
59776
59712
59840
59136
59712
59840
59776
60224
60288
59968
59904
60032
59904
60160
60160
60544
60544
60416
60608
60480
60544
60480
60416
60288
60224
59968
59968
59712
60224
59712
59200
59072
59392
59520
59008
59200
58688
59520
59520
59520
59200
59520
59520
59520
59520
59520
59584
59392
59520
59520
59328
59072
58560
59072
58624
57792
57280
56960
56960
55936
55680
54976
54976
54528
54912
55232
55360
55296