56704
56512
56448
56192
56064
55872
55936
55680
55616
55488
55424
55232
55296
55488
55488
55872
56192
56448
56768
56896
57280
57472
57664
57728
57600
58048
58240
58432
59328
60160
60928
61952
62400
62976
63424
63296
63232
63296
62976
62656
62528
61952
61504
61312
61184
60928
61440
61760
62144
62720
64256
64128
63808
63744
64128
64576
64768
65408
65280
384
896
896
1408
1408
2176
2560
2688
2944
3328
3520
3456
3712
3904
4032
3968
4224
4352
4352
4544
4544
4736
4672
4864
4608
4736
4608
5056
5312
5120
5312
5440
5888
6208
6144
6784
7360
7168
7936
8384
8576
9344
9920
10304
10560
10432
9792
9408
9024
8640
8192
8000
7744
8000
8064
8128
8128
8192
8320
8192
7936
7360
6208
5824
4416
3264
2624
1664
576
384
65216
64768
64448
63872
63744
63424
63296
63168
63232
62784
62848
62720
62592
62528
62528
62400
62464
62272
62336
62528
62208
62336
62080
62400
62080
62080
61952
61888
62016
61888
61824
61760
61568
61568
61504
61312
60928
60736
60672
61184
61312
61248
61376
61632
61568
61568
61440
61568
61248
61184
60992
60224
60544
60288
60288
59968
59584
59456
59264
59136
58880
58560
58560
58304
58112
57920
57728
57664
57472
57472
57280
57280
57152
57216
57344
57280
57216
57088
57088
56896
56768
56640
56448
56320
56576
56704
56512
56768
56704
56704
56768
56896
57152
57472
58112
59712
59968
61184
62272
62784
63488
64192
64384
64512
64384
64384
64128
63744
63360
62656
62464
61952
61376
60992
60480
60544
60864
61312
62656
61952
61952
62656
63424
63680
64192
64704
64896
65408
384
448
896
832
1216
1344
1408
1664
2240
2048
2368
2560
2752
2816
3136
3968
3904
4096
4032
3840
3840
4096
3648
3776
3520
3520
3648
3840
4288
4928
5312
5952
6400
6848
7680
7616
8256
8960
9216
9728
10432
10240
10176
9856
8576
8128
7744
6848
6272
6016
5632
5248
5568
5376
5120
5376
5376
5120
4992
4928
4160
3712
3264
2176
1600
832
128
65280
64704
64320
64064
63680
63488
63424
63360
63552
63680
63808
63936
63936
63808
63744
63872
63936
63488
63488
63680
63296
63424
63296
63168
63168
63168
63104
63168
62976
63040
63040
63040
63040
62784
62528
62656
62336
61888
61504
61504
61568
61632
61440
61248
61184
60928
60864
60608
60416
60352
60160
60032
59840
59712
59840
59456
59456
59264
59008
59072
58816
58688
58432
58624
58432
58368
58112
58048
57792
57472
57472
57216
57152
56896
56640
56192
56320
56320
56256
55936
56000
56000
55872
55936
56128
56320
56512
56896
57024
57088
57408
57728
57920
58304
58368
59008
59456
59520
59776
59904
59712
59840
59200
59712
59520
59200
59520
59328
59584
59200
59328
59072
58944
58880
58880
58816
58944
59072
59072
59456
59776
59968
60288
60352
60800
61184
61248
61568
62784
62912
62336
62400
62656
62976
63616
63552
64128
64256
65152
65408
192
576
768
1088
1408
1472
1344
1536
1408
1408
1408
1408
1536
1536
1984
2112
2368
2688
2880
3200
3392
3712
3968
4352
4800
5248
5760
6016
6528
7296
7680
8384
8704
9216
9408
9472
9472
9152
9024
8960
8896
8896
8768
8896
8576
8128
8128
7616
7360
6848
6080
5696
4672
3392
2880
1408
65472
65088
63872
63360
62528
61888
61760
61824
62016
62400
62656
62848
63232
63040
62976
62912
62848
62656
62464
62400
62464
62528
62528
62528
62720
62976
63168
62848
62912
62976
62912
63168
62912
62976
63168
62848
62848
62720
62720
62592
61952
61952
61760
61696
61568
61696
61568
61568
61184
61120
60928
60544
60416
59904
59456
59328
58752
58624
58240
58048
57984
57856
57792
57600
57728
57600
57792
57728
57728
57536
57408
57408
57088
56640
56576
56576
56320
56256
56192
56128
56192
56384
56576
56896
57152
57344
58112
58176
58560
58816
59008
59072
59200
59072
58944
58880
58816
59072
59264
59456
60032
60544
61376
61824
62208
62720
62912
62720
62144
62016
61504
61056
60480
60096
59648
59776
59328
59328
59072
58880
58880
59136
59392
59712
61248
61312
60672
60992
61504
61952
62528
62720
63232
63680
64128
64640
64832
65408
128
320
768
832
1408
1792
1920
2304
2688
2624
2816
2560
2816
3072
3008
3072
3008
3136
3392
3776
3968
4416
4544
5056
5504
5760
6144
6592
6784
7232
7872
8128
8832
9408
9472
10368
10560
11008
11008
11712
11776
11904
11712
11584
11392
10816
10496
9984
9664
8960
8512
7808
7232
5952
4480
3584
1728
768
64320
62720
61824
60480
59840
59200
58816
58880
59392
60160
60736
61376
61696
62144
62208
62080
62016
61760
61440
61184
61056
60864
60864
60800
60736
60992
61184
61312
61376
61632
61760
61888
62144
62464
62912
62720
62784
62720
62912
62592
62784
62720
62720
62528
62464
62400
62208
61952
62080
61824
61824
61504
61120
61120
60544
59584
59648
59776
59840
59584
59264
59328
59392
59072
59136
59136
59200
59328
59264
59264
59392
59328
59328
59008
58368
58176
57664
57152
57088
56576
56384
56000
55616
55680
55360
55616
55488
55808
56128
56640
57408
57664
58240
58368
58944
59264
59520
59776
59904
60224
60672
60992
61504
62656
62784
63424
63616
64064
64192
64000
63936
63680
63360
62784
62272
62144
61312
61312
61312
61376
62016
61952
62464
63680
62848
62784
62784
63488
63552
63680
63936
64064
64448
64704
64896
65152
65408
65408
64
64
448
576
576
960
1280
1600
1728
1792
2176
2112
2048
2176
2368
2112
2112
2176
2112
2304
2368
2624
2560
3008
3328
3392
3776
3840
4096
4224
4480
4608
5440
6208
6400
7296
7744
7744
7680
7744
7552
7552
6912
6400
6272
5504
4864
4352
3840
3776
3072
2624
2304
2048
1920
1664
1536
1280
1344
1152
832
256
0
64512
63616
63232
62464
61824
61952
61952
62080
62400
62976
63232
63872
64640
64384
64512
64704
64512
64704
64896
64640
64576
64576
64704
64576
64960
64960
65088
65280
65408
192
192
320
256
256
320
128
256
64
65472
65280
65024
64704
64576
64448
64320
64192
64064
64128
63936
63360
63168
62144
62144
61952
61632
61056
60672
60352
60288
59648
59008
58624
58368
57728
57728
57344
57344
56768
56384
56384
56064
55808
55616
55232
55040
54656
54208
54144
53632
53248
52928
52544
52288
52480
52672
52480
52928
53120
53376
53632
53760
54144
54592
54528
54912
55296
55552
56128
56448
57280
58048
58560
59200
59776
60096
60416
60608
60672
60352
60224
59776
59584
58944
58560
58688
58368
58304
58560
59200
59264
60160
61056
61888
61888
62144
62144
62656
62912
63232
63232
63680
64192
64256
64768
65344
64
192
768
640
896
1152
1664
1984
2112
2496
2752
3008
3008
3136
3328
3136
3072
3200
3328
3136
3264
3072
3392
3584
3776
3904
4160
4352
4672
4736
5120
5440
5504
6016
6272
6912
7552
8000
8576
8640
8256
8320
8192
8256
8064
8128
8000
7936
7808
7744
7872
7744
7552
7552
7040
7168
6272
5376
4736
3520
2304
1536
192
64576
63872
62784
62016
61696
61248
61120
61120
61184
61312
61312
61248
61568
61504
61376
61376
61248
61120
60992
61120
60736
60608
60416
60544
60672
60928
61056
61248
61248
61568
61760
61824
61952
62016
62080
61760
61888
61952
61632
61376
60992
61056
60800
60864
60672
60864
60800
60864
60288
59648
60480
60544
60416
60096
59712
59584
59264
59072
58240
57856
57344
56960
56512
56192
55616
55488
54592
53568
53376
52224
51520
50816
50112
49792
49280
49408
49536
50624
51328
52672
54464
55232
56896
57920
58496
59584
59712
60928
61632
62016
62976
64192
64256
65216
64
640
1152
1472
1600
1856
1600
1408
832
128
65024
64576
64064
63680
63616
63616
63808
64064
64704
64832
65216
65472
65280
704
320
65408
65088
65344
65152
64960
64960
64960
64896
65024
65088
65152
65216
0
65280
0
0
448
640
960
1216
1344
1728
2240
2432
2816
3392
3776
4032
4032
4480
4352
4480
4096
4032
3584
3648
3456
3392
3392
3392
3520
3712
3840
4096
4480
4800
5376
5120
5312
5440
5632
5888
5696
6208
6400
6528
6592
6528
6464
6272
6272
6144
5696
5440
4992
4416
4288
3456
3136
2304
1408
832
64
64512
64128
63168
62528
61952
61184
60992
60608
60416
60544
60480
60736
60800
60992
61184
61120
61312
61184
61184
60992
60928
60864
60864
60800
60800
60800
60800
60800
60736
60992
61120
60928
60928
60992
60800
60800
60544
60352
60416
60480
60480
60480
60544
60544
60480
60160
59648
60160
60352
60352
60544
60608
60480
60480
60416
60288
60352
59840
59520
59392
59136
58880
58688
58432
58304
57920
57472
57152
56960
56448
56256
55680
55232
54976
54592
54464
53888
53824
53504
53440
53376
53248
53248
53440
53568
53888
54016
54528
54528
55168
55424
55552
55936
55872
56448
56704
57024
57408
58624
58944
59904
60544
61056
61440
61440
61760
62080
62016
62272
62144
62272
62272
62400
62336
62464
62464
62592
62720
62784
63104
63232
63744
64000
64128
64512
65216
65024
64832
65024
65344
192
64
384
512
960
1280
1280
1792
1792
2048
2240
2112
2624
2816
2944
3136
3072
3392
3456
3776
3712
3904
3328
3584
4096
4352
4224
4288
4288
4480
4544
4544
4928
5056
5696
6016
6656
7168
7680
8192
8192
8704
8896
8832
8768
8896
8384
8000
7488
7232
6400
6720
6336
6272
6080
6208
6016
6208
6464
6400
6720
6400
6592
5952
5632
5120
4480
4160
3584
3136
3072
2688
2496
2112
1600
1344
960
960
320
0
65280
64896
64640
64256
64192
63744
63936
63488
63424
63168
63040
63040
62912
62592
62592
62400
62272
62144
62080
61824
61568
61440
61120
60672
60544
60416
60160
60032
59904
59776
59712
59648
59968
60288
60352
60544
60608
60736
60608
60416
60352
60096
59776
59584
59264
59200
58880
58944
59072
58816
58752
58432
58496
58048
57920
57536
57280
57280
56768
56512
56128
55872
55424
55296
54784
54528
54336
54272
54080
53952
54080
54144
54656
54656
54976
55744
55936
56384
56704
56640
56832
56832
57152
57152
57152
57344
57536
57664
58176
58432
58880
59328
59456
59648
59072
59520
59072
59072
58496
58112
57728
57600
57408
57472
57600
57536
57856
58368
58688
59584
59968
61184
60672
60672
61120
61568
61696
62080
62400
62592
63168
63360
63744
64000
64192
64256
64640
64512
64896
65216
65472
192
576
832
896
1536
1728
1536
1600
2048
2048
1984
1792
1984
2112
2112
2048
2304
2240
2368
3008
3200
3328
3712
4096
4480
4544
4864
4992
5248
5760
5888
5824
6144
6656
7296
7360
7424
7360
7296
6976
7104
6848
6912
6912
6912
6976
7104
6656
6208
6016
5568
5184
4544
3648
3072
2304
832
256
64704
63936
62464
61312
60672
59648
58752
58432
58496
58688
59008
59520
59776
60288
60544
60480
60736
60736
60160
60480
60480
60480
60544
60416
60480
60608
60416
60544
60480
60480
60800
60864
60672
60928
60992
60992
60928
60928
60928
60864
60672
60608
60608
60608
60480
60416
60800
60864
60992
60800
60736
60992
60992
60928
60608
60544
60160
59648
59648
59712
59520
59328
59200
59008
58880
58816
58304
58368
58112
57984
57792
57728
57344
57152
56832
56576
56000
55936
55232
54400
54464
53760
53696
53376
53440
53696
53824
54080
54976
55872
56768
57472
58304
58688
59584
60352
60416
61120
61760
62016
62592
63040
63872
64512
65088
320
448
768
192
65472
64000
62464
61824
60416
59712
58752
58112
57600
57408
58048
58560
60352
61120
62720
62592
62848
63488
64128
64128
64384
64640
64832
65408
65472
192
448
576
640
960
704
640
896
960
1088
1088
1152
1472
1536
1984
1920
1408
1472
2304
2624
2560
2624
2816
2816
2752
2944
3008
3392
3712
3904
3904
4544
4672
4928
5248
5696
5952
6336
6848
6912
7424
7744
7552
8192
8576
8832
8960
9152
9280
9216
9408
9088
9344
9472
9536
9664
9920
9984
9920
9600
9472
8768
7680
7488
6528
6144
5184
4160
3904
3264
2944
2240
1408
1280
704
512
256
65408
65088
64768
64768
64320
63936
63808
63552
63232
63104
62848
62592
62592
62208
62080
62080
61760
61888
61568
61440
61376
61184
61184
60864
60608
60608
60288
59840
59712
59456
59136
59072
58816
58816
58816
58432
58112
57920
57856
58112
58240
58176
58112
58240
58240
58112
58176
58112
58240
58304
58560
58432
58688
58624
58496
58560
58368
57920
57856
57536
57280
56960
56960
56768
56320
56384
56192
55872
55616
55488
55232
55168
55168
55424
55744
55872
56192
56512
56704
57280
57408
57984
58496
58624
59264
59136
59904
60032
60032
60160
60160
60352
59904
59840
59456
59008
58944
58688
58368
58240
58176
57856
58240