16128
17984
18816
20032
21248
10944
15936
25152
25792
31296
32576
30272
27264
23744
20032
17600
12672
10752
6976
5440
2432
1792
4096
18112
17216
5120
64576
1984
59712
44992
61376
32704
19968
19264
20480
16640
16320
15808
15552
17024
17728
18816
22208
16384
19520
5696
4096
38464
7744
15296
18688
25472
26240
25728
25920
25536
25216
25664
22080
20800
17536
15616
11200
10624
10624
10816
13504
14080
17920
18944
16448
14336
17600
17280
9792
1600
58752
63104
58432
54144
18624
32640
25920
20352
16320
20288
18368
18944
18688
18944
23360
20288
18432
21696
14720
59200
54976
32128
31680
32640
32640
32640
32640
32640
32640
32640
32512
27328
18752
12352
6080
8576
12544
16896
25728
29952
29760
29824
30720
29696
22336
21888
12352
62400
54976
32640
32896
19840
13568
15680
16256
17024
20032
17792
17408
16960
23168
19008
18688
22400
2176
54592
47744
32640
32128
32640
32640
32640
32640
32640
32640
32640
27008
25792
13696
9664
8128
9088
14848
20032
27456
29312
31808
31680
28352
29248
30592
25600
9920
64256
54528
32896
32640
54208
13504
18240
18560
17408
18688
18688
19328
11200
16832
17536
21376
57984
32640
45632
20480
28416
32640
32640
32640
32640
32640
32640
32640
31168
28416
22656
18176
10368
11968
12928
21120
24128
29440
31616
25856
25088
24320
24960
19136
15552
64128
52416
32640
32896
11392
22784
19648
20608
19648
18880
17664
18752
11264
17792
20736
3776
4672
38272
62336
27584
30912
32640
32640
32640
32640
32640
32640
32640
30720
18240
17472
12288
9472
9600
11136
16512
18048
25792
20864
17664
19968
26752
11776
6528
64256
57856
47680
32640
16704
13120
17280
20480
19264
19584
19328
18240
18112
19392
18880
18624
256
2496
46912
32640
32640
32640
32640
32640
32640
32640
32640
32640
32192
21632
15424
11520
10688
16256
18688
23232
24448
26880
28416
25920
18368
15360
13504
7552
63552
57408
32960
32640
17984
25216
22272
19712
19392
17728
18368
17856
20096
17664
20032
22720
10432
896
56064
1728
32640
32640
32640
32640
32640
32640
32640
32640
32640
25792
23232
19520
12224
12864
15232
20864
24000
24896
26368
26944
25536
22656
21632
12800
8896
5184
60288
3264
45440
13376
13760
19904
19328
20352
19008
18304
18112
18112
18112
20672
17856
16448
27840
1216
14336
31168
32640
32640
32640
32640
32640
32640
32640
32640
32640
28992
18624
13056
12480
16512
19904
24960
25472
25536
25024
25280
26752
31296
23616
6464
63872
58368
32896
32640
11968
23552
25088
18304
21696
18560
18624
17792
9088
16384
17280
11200
63488
55616
32640
32640
32640
32640
32640
32640
32640
32640
32640
32640
25536
22144
19968
20096
22720
28672
30976
32640
32640
31296
30144
26432
20416
6720
10368
59392
32640
28160
6976
30080
20416
19392
18624
17984
17280
17600
19328
18816
19264
14400
17920
57856
21760
31296
32640
32640
32640
32640
32640
32640
32640
32640
32640
30528
16320
15552
15040
15744
21696
24384
28224
29440
23616
22144
19136
20800
17536
448
576
49408
41088
32640
24896
22592
22016
18560
19328
18432
17984
17536
16896
18240
19200
18624
2496
19968
38016
32576
32640
32640
32640
32640
32640
32640
32640
32640
32640
32640
27264
20416
16000
19648
29184
31808
31616
32448
32448
31360
27776
22528
12416
14016
65088
54336
32640
32896
32512
24064
17856
16064
21568
18496
17856
17216
17728
19520
19968
22592
54400
10624
39488
30592
32640
32640
32640
32640
32640
32640
32640
32640
32640
32256
26304
22848
19392
22208
28032
31104
32640
32576
32640
32640
20800
17728
4672
62976
60288
58816
5248
32640
3072
19648
19840
16256
18944
19584
17664
17472
16960
25344
19520
15232
1920
55936
61120
32640
32640
32640
32640
32640
32640
32640
32640
32640
32640
30080
26368
15552
13248
15552
18496
26624
32256
32640
32512
31616
31040
32640
18624
8704
9280
6528
32640
32896
7360
14784
15936
16448
17216
19968
17024
17536
19200
20160
19584
16512
48960
62784
35200
3712
32640
32640
32640
32640
32640
32640
32640
32640
32640
32640
32064
20224
15040
11712
14720
21760
26944
32640
32384
30464
31808
31104
28928
21312
6912
61632
59584
48128
32640
28288
26624
17472
18752
18816
18880
18240
17792
18112
19584
18560
15424
58048
13696
50432
22656
29184
32640
32640
32640
32640
32640
32640
32640
32640
32128
25344
22592
16512
14912
19008
23488
32000
31680
27712
27968
32640
30144
25664
10560
60416
47360
51776
32896
32640
38144
10304
18240
17472
21248
17472
16640
16704
20352
15040
18688
16896
6848
24832
62016
19968
31616
32640
32640
32640
32640
32640
32640
32640
32640
27648
23040
11776
10944
11392
14976
22848
25344
25664
25024
28288
30528
25408
28608
18944
8320
55488
55168
22784
29440
10368
26688
16320
16960
21184
17920
17664
18496
17600
22208
20032
17408
63808
26560
59264
32640
32640
32640
32640
32640
32576
32640
32576
30208
26624
20864
18560
13632
12288
11264
16064
18816
25536
31232
30784
30656
24192
24896
18944
18880
5184
62272
54848
32640
7744
5184
10368
22272
19648
20224
19520
18176
18048
17536
20992
17024
20416
4736
32064
64896
31936
32640
32640
32640
32640
31616
32640
32640
32640
25152
23232
12416
12672
13056
12864
15616
24832
29184
32640
32640
28288
27520
31552
31808
10944
61952
59200
60864
32896
26240
15168
10816
19904
20224
19712
18624
17984
14848
29696
20608
20416
4160
15744
46400
13376
32640
32640
32640
32320
32576
32640
32640
32640
32640
32640
24768
20032
13824
15744
16128
21504
24064
28224
31488
27840
24448
29632
28992
8832
64960
2304
60992
32896
32640
55296
31552
16448
20352
18880
18368
17920
18624
25024
20992
16320
12160
6208
31872
32640
32640
32640
32640
32640
32640
32640
32640
32640
26048
19968
9088
9344
15744
19904
30528
32640
30848
29696
26304
19648
13248
8192
3200
56768
49600
52928
32384
29952
15104
19072
18432
21504
19136
18752
19008
12544
18176
20672
61824
6784
39168
32576
32512
32640
32640
32640
32640
32640
32640
32640
32640
31680
20608
15680
13888
15552
20928
24896
27968
26752
25216
26688
30464
29632
14400
3520
55424
60800
32896
32640
30208
15296
17280
18560
17792
17344
17984
19072
19840
21824
21056
3968
16064
57728
18240
32640
32640
32640
32640
32640
32640
32640
32640
32640
26880
19712
7168
6272
15424
19328
25088
27776
32640
32384
32256
31232
24704
20928
7680
3520
51840
32640
32640
32640
17408
19648
18240
18368
18176
16960
20544
18368
19072
21504
18688
2112
2944
57664
3584
31616
32640
32640
32640
32640
32640
32640
32640
32640
32320
23552
20544
16576
16128
17216
23680
27520
28992
28928
23360
18944
17088
11072
59968
57920
54912
48000
32640
53568
32512
32640
21312
20224
18304
21120
18176
16832
19264
20224
17088
18496
32640
45504
17728
31680
32640
32640
32640
32640
32640
32640
32640
32640
32640
31744
24320
16384
16128
19264
21696
28928
32640
27072
24448
24512
22144
14080
60800
58304
55104
62400
37632
29568
16768
18112
14720
21184
19264
18496
18944
19392
21696
20928
18240
32640
8192
12096
29696
32640
32640
32640
32640
32640
32640
32640
32640
32640
32512
24640
19008
9856
9408
14656
18176
24896
26624
29376
25728
24960
24256
23552
15808
10112
63936
56768
32640
32896
20608
31744
21376
18112
20736
19008
16128
16704
14400
17792
19456
17600
3328
28992
37696
24832
28544
32640
32640
32640
32640
32640
32640
32640
32640
31488
27840
16256
13760
8448
7424
9728
13568
22272
25536
28608
25344
26624
24064
27200
19328
12864
1600
62720
32640
32896
25088
28864
17152
15168
23872
18752
18176
17536
19776
23936
17984
20736
2240
18112
3008
26880
32640
32640
32640
32640
32640
32640
32640
32640
29952
18496
11520
7936
9984
13504
15680
21120
22592
26944
26688
26560
28288
18176
7872
58496
59008
26112
32896
20288
20544
22080
14784
20416
16832
18944
19392
15232
18560
22912
15424
6784
13952
60480
32640
32640
32640
32640
32640
32640
32640
32640
30336
21184
15488
10176
13312
17728
18816
24448
26432
25152
26624
27456
29248
32640
32064
9920
65344
5248
896
32896
11456
10112
17024
17792
18176
17280
17152
17920
22016
17472
17664
19008
21568
11136
30528
59840
17920
30976
32640
32640
32640
32640
32640
32640
32640
32640
32512
25280
17792
16832
16320
20224
23360
29568
32640
32640
31616
27648
25792
21824
16192
11136
4608
32640
32896
28608
20160
22912
13056
20480
18624
19072
17920
18688
20672
20224
19648
8064
3008
1792
64448
12608
32640
32640
32640
32640
32640
32640
32640
31808
26432
25024
13568
9280
7552
6720
10496
13056
21056
23808
24448
26304
29952
29312
23936
12672
2496
65024
640
33088
27968
16192
32640
15360
19008
20352
18112
18048
17984
21440
19200
20096
18816
62016
15424
54784
19904
32640
32640
32640
32640
32640
32640
32640
32640
32640
32640
31552
20032
20160
16256
17152
19136
20352
23104
24128
20096
28224
29312
17856
6912
59904
60288
64832
32896
32640
26368
23808
18880
17536
20928
17664
18816
19264
19904
18432
17984
2304
6400
10560
15488
32640
32640
32640
32640
32640
32640
32640
32640
32640
32448
28352
17472
14592
11968
13440
19136
21632
25856
27200
24896
23040
25280
25216
19968
3456
65280
32320
32896
15744
18112
18624
16704
16576
19968
18624
17792
18432
17600
19776
19392
7744
61184
9664
54528
32640
32640
32640
32640
32640
32640
32640
32640
32640
32576
30016
18048
14720
8512
7808
11776
15296
21760
24320
28160
30272
32576
32448
28928
20736
1088
63360
1792
32640