16640
16768
16768
16640
16832
16640
16896
16640
16832
16192
16896
17024
16896
16832
16768
16768
16832
16896
16576
16768
17088
16832
16768
16768
16832
16832
16512
16832
16384
16832
16768
16768
16384
16832
16832
16832
16832
16832
17344
16832
16640
16768
16768
16832
16768
16896
16768
17408
16704
16768
16832
16512
16768
16768
16704
16704
16640
16768
16512
16640
16768
16704
16768
16832
16704
16640
17024
16896
16896
16896
16704
16640
16832
16704
16768
17216
16768
16768
16704
16768
16960
16704
16768
16896
16320
16704
17088
16768
16064
16896
16704
16704
16320
16768
16640
16832
16768
16512
16704
17024
16960
17088
16896
16704
16768
17344
16768
16704
16768
16640
16768
16640
16832
16832
16832
16768
16640
16448
16128
17728
18560
23168
23744
23616
23360
22912
21504
20800
14976
14016
13184
10304
6464
5056
3392
3712
65152
1344
8768
13888
28800
26368
19264
13312
18880
32640
21120
23168
23616
18432
16320
13696
12800
13824
11840
10560
10752
9664
9216
7616
7744
8384
12032
12864
16896
18624
21632
14144
15168
27392
32000
18496
21632
21184
19136
17856
16064
14080
12352
12352
11392
10304
7488
6912
5056
5376
7232
12416
16128
18944
19968
29120
32640
19008
20544
25216
23552
19200
20928
18560
16256
15872
14592
13504
12736
11520
8768
8384
6272
5376
6528
9152
15104
18048
18880
22720
17856
18176
32640
25536
21184
24768
18432
18816
17920
17280
15104
15872
13568
13568
11264
10752
10048
9152
8256
8448
11584
13184
15360
19328
20288
31872
25600
27008
22272
26432
24768
19264
20096
17920
17152
16768
15808
15104
14656
13120
11776
10944
7936
6976
6784
9216
11840
16768
18048
21568
23680
23744
10944
32640
24384
13696
20672
20672
16832
16320
16704
15296
16128
15360
13952
13504
11264
9792
7744
7552
9088
9600
11136
15104
17216
21760
17344
32640
24896
29056
30656
22912
25344
20352
17984
19008
17536
12288
10304
6016
5248
3584
1408
1216
3328
11008
16384
23616
27264
30976
41856
32640
32640
22080
21696
21952
18112
15488
7488
7296
6656
6016
5056
4160
2496
2560
5952
10752
18560
19520
20608
27392
31616
22336
31552
32000
28736
22272
23296
19584
16384
15488
14528
13056
10752
8704
5568
3456
3200
2816
2688
6080
9472
17792
19392
23808
25472
29312
32640
31552
10880
26304
23552
25408
19200
15296
10944
9984
6720
3520
2432
1280
448
768
3904
6592
15168
19584
20992
23552
31296
31360
24512
32384
31872
27200
25280
23296
22592
17600
16576
15040
13376
10496
8960
7168
6848
5440
4928
4544
6272
9024
11776
15552
14976
14720
16256
18304
20736
13440
20160
10176
15872
16576
15296
16768
16832
16320
17920
18176
16704
16640
17408
16832
16640
16704
16640
16640
16896
16512
17344
32384
32576
30144
27840
24320
19648
13248
12544
9280
8704
7360
6720
5312
5312
4096
5120
6848
6848
6976
7936
9792
16000
18880
24064
25792
13056
21568
21120
18112
32640
32640
25472
25920
20544
17408
14592
11648
10496
11328
11008
8192
7232
7424
5888
5120
5056
5952
6144
8768
11840
13504
14528
14400
16960
20928
27648
21568
31616
28992
24192
27200
25088
28736
27456
23808
20672
20416
19456
19520
15552
13120
11648
10432
7744
7680
6912
6400
5696
2624
3072
4544
9664
11904
12800
13056
13312
19008
26240
31296
25984
27840
32064
31424
28160
27008
24512
22336
20928
22016
19968
15488
15360
13952
12992
8832
7040
5376
4480
4608
3072
2048
2624
6272
8384
11200
13632
17216
20608
28032
30400
25792
31680
55168
31616
28992
27776
27648
20096
19328
17984
16576
15360
14592
13312
11840
10240
9728
9280
8128
7232
6848
6144
5824
5760
8256
10240
12736
12672
12096
13760
22656
24384
21952
21056
12288
28928
28032
30592
29248
27136
21440
20416
23232
22784
19840
18368
16640
16128
15680
12160
11584
10752
9408
6976
7040
5824
3776
3200
5184
10240
12864
14720
15552
17088
19968
24768
20992
31872
31040
32512
26688
18880
24192
27584
17984
18240
19712
18048
16320
15168
13760
12864
10496
8448
7424
6400
5632
3520
2304
2816
7360
10752
15680
16704
17408
21888
24256
31488
23040
32640
32640
27136
20608
24576
24576
22720
21632
20032
19328
19776
15424
12160
11712
10432
9344
7680